// Points
39
(

// min z
(-720 -600 0)
(-720 -500 0)
(-720 -400 0)
(-720 -300 0)
(-720 -200 0)
(-720 -100 0)
(-720 0 0)
(-720 100 0)
(-720 200 0)
(-720 300 0)
(-720 400 0)
(-720 500 0)
(-720 600 0)

//Mid z
(-720 -600 360)
(-720 -500 360)
(-720 -400 360)
(-720 -300 360)
(-720 -200 360)
(-720 -100 360)
(-720 0 360)
(-720 100 360)
(-720 200 360)
(-720 300 360)
(-720 400 360)
(-720 500 360)
(-720 600 360)

// max z
(-720 -600 720)
(-720 -500 720)
(-720 -400 720)
(-720 -300 720)
(-720 -200 720)
(-720 -100 720)
(-720 0 720)
(-720 100 720)
(-720 200 720)
(-720 300 720)
(-720 400 720)
(-720 500 720)
(-720 600 720)
)

// ************************************************************************* //
