# Results for "node" with Id # 604 for search config "initial" at position: x0: 9.5; y0: 6.03; z0: 0
# time DISPLACEMENT_X DISPLACEMENT_Y DISPLACEMENT_Z
0.005 1.4164565191912201e-16 -5.043921220647363e-17 0.0
0.01 -1.490613617662987e-10 -4.63051151835891e-12 0.0
0.015 1.7782968959998493e-10 -8.103510018007336e-12 0.0
0.02 9.830330454820336e-11 -3.858150538887098e-11 0.0
0.025 5.4967140072669e-11 -1.0569481143256901e-10 0.0
0.030000000000000002 1.1832340499118497e-10 -2.1545295205234103e-10 0.0
0.035 1.0245318173190299e-10 -4.026563742726217e-10 0.0
0.04 1.2930114217133532e-10 -8.130295728246561e-10 0.0
0.045 1.4992889221306836e-10 -1.6864186965430197e-09 0.0
0.049999999999999996 1.8236085330934417e-10 -3.225460675009946e-09 0.0
0.05499999999999999 2.2785603351983414e-10 -5.539417138514163e-09 0.0
0.05999999999999999 2.726731912493043e-10 -8.72398447741092e-09 0.0
0.06499999999999999 3.2691301130370885e-10 -1.2964505556536898e-08 0.0
0.06999999999999999 3.948291244454678e-10 -1.8523615527646953e-08 0.0
0.075 4.847134998331626e-10 -2.554721662475215e-08 0.0
0.08 5.908572843021369e-10 -3.388747394904357e-08 0.0
0.085 6.981716145264944e-10 -4.316766893622103e-08 0.0
0.09000000000000001 7.967813161808066e-10 -5.2949495630267954e-08 0.0
0.09500000000000001 8.785055230433478e-10 -6.278465587274176e-08 0.0
0.10000000000000002 9.25802347587688e-10 -7.209510510876366e-08 0.0
0.10500000000000002 9.014826488636135e-10 -8.003324931649253e-08 0.0
0.11000000000000003 7.576563255343519e-10 -8.580775076751892e-08 0.0
0.11500000000000003 4.663904811906249e-10 -8.939341339128598e-08 0.0
0.12000000000000004 3.9043779838362613e-11 -9.183141423202737e-08 0.0
0.12500000000000003 -4.767218363515127e-10 -9.526690948929147e-08 0.0
0.13000000000000003 -9.960981575312277e-10 -1.0277129232029009e-07 0.0
0.13500000000000004 -1.436906463766039e-09 -1.1749101200164467e-07 0.0
0.14000000000000004 -1.7619315703488393e-09 -1.4196166401511963e-07 0.0
0.14500000000000005 -1.946365580324584e-09 -1.7866715196018873e-07 0.0
0.15000000000000005 -1.9343415972835863e-09 -2.3079804694791503e-07 0.0
0.15500000000000005 -1.6507629728879135e-09 -3.0207509093663383e-07 0.0
0.16000000000000006 -1.039183908366866e-09 -3.961482430703759e-07 0.0
0.16500000000000006 -7.585958984254483e-11 -5.165390554678521e-07 0.0
0.17000000000000007 1.2565226703144077e-09 -6.671552297012798e-07 0.0
0.17500000000000007 2.983088355355839e-09 -8.526424702534833e-07 0.0
0.18000000000000008 5.1263809111060864e-09 -1.0783557928416713e-06 0.0
0.18500000000000008 7.696254265605628e-09 -1.3502050089399632e-06 0.0
0.19000000000000009 1.0670807966120073e-08 -1.6742604637150665e-06 0.0
0.1950000000000001 1.4013298588283885e-08 -2.057255679566066e-06 0.0
0.2000000000000001 1.7806737019963432e-08 -2.508982502642863e-06 0.0
0.2050000000000001 2.237085445718845e-08 -3.043620146171338e-06 0.0
0.2100000000000001 2.814486060230043e-08 -3.6770472678539944e-06 0.0
0.2150000000000001 3.5444006185092804e-08 -4.422075549254397e-06 0.0
0.2200000000000001 4.4344670005687295e-08 -5.285948944994353e-06 0.0
0.22500000000000012 5.475215554872401e-08 -6.271719006296377e-06 0.0
0.23000000000000012 6.655297922872292e-08 -7.381131242983165e-06 0.0
0.23500000000000013 7.967954037764364e-08 -8.616011004773575e-06 0.0
0.24000000000000013 9.409340233095872e-08 -9.978080540137629e-06 0.0
0.24500000000000013 1.0982817854061702e-07 -1.1469405176647364e-05 0.0
0.2500000000000001 1.2706613628537585e-07 -1.3092794027073326e-05 0.0
0.2550000000000001 1.4610354110831473e-07 -1.4850314754538387e-05 0.0
0.2600000000000001 1.6712969297706723e-07 -1.673777433690993e-05 0.0
0.2650000000000001 1.900390216120778e-07 -1.8740170503279566e-05 0.0
0.27000000000000013 2.1442699457943104e-07 -2.0831509867801863e-05 0.0
0.27500000000000013 2.3969316421344117e-07 -2.297684912182587e-05 0.0
0.28000000000000014 2.6513356050908135e-07 -2.5134666120843946e-05 0.0
0.28500000000000014 2.900816638827988e-07 -2.7261993597833257e-05 0.0
0.29000000000000015 3.139510954659084e-07 -2.9313521893054714e-05 0.0
0.29500000000000015 3.3646335568036495e-07 -3.124375638929415e-05 0.0
0.30000000000000016 3.576370865954824e-07 -3.3007588656988454e-05 0.0
0.30500000000000016 3.7733099672195627e-07 -3.4551670842852854e-05 0.0
0.31000000000000016 3.948850459593187e-07 -3.580594702880121e-05 0.0
0.31500000000000017 4.092580671282285e-07 -3.668540433750418e-05 0.0
0.3200000000000002 4.1923000427757173e-07 -3.709845285110228e-05 0.0
0.3250000000000002 4.235521448232585e-07 -3.695459692658648e-05 0.0
0.3300000000000002 4.2121139898041384e-07 -3.616778174832019e-05 0.0
0.3350000000000002 4.1162321071580655e-07 -3.465292911361576e-05 0.0
0.3400000000000002 3.941721844015271e-07 -3.231976937177654e-05 0.0
0.3450000000000002 3.677150919606459e-07 -2.9071158423181593e-05 0.0
0.3500000000000002 3.3077057243436405e-07 -2.481065900544969e-05 0.0
0.3550000000000002 2.814231536092466e-07 -1.9459510637880773e-05 0.0
0.3600000000000002 2.1789133652437642e-07 -1.2975788101462488e-05 0.0
0.3650000000000002 1.3963112114118245e-07 -5.365253406291091e-06 0.0
0.3700000000000002 4.728557547006025e-08 3.329329802244888e-06 0.0
0.3750000000000002 -5.8128871195499015e-08 1.3047028729687426e-05 0.0
0.3800000000000002 -1.753030274267183e-07 2.371415126329852e-05 0.0
0.38500000000000023 -3.0215805790391676e-07 3.5242586953437885e-05 0.0
0.39000000000000024 -4.358962457778241e-07 4.7533283554560996e-05 0.0
0.39500000000000024 -5.735773750266944e-07 6.047729411875361e-05 0.0
0.40000000000000024 -7.123010101229641e-07 7.394901936773759e-05 0.0
0.40500000000000025 -8.491249210857929e-07 8.780021431888395e-05 0.0
0.41000000000000025 -9.810599402819459e-07 0.00010186160031657802 0.0
0.41500000000000026 -1.105824068255256e-06 0.00011597445768355791 0.0
0.42000000000000026 -1.2224658492035459e-06 0.00013001559333903733 0.0
0.42500000000000027 -1.331933054780766e-06 0.00014391708137882764 0.0
0.43000000000000027 -1.4366938580291433e-06 0.00015767887045641386 0.0
0.4350000000000003 -1.538883797054685e-06 0.00017135714093420768 0.0
0.4400000000000003 -1.640711018339902e-06 0.00018507094875290874 0.0
0.4450000000000003 -1.7461644387450024e-06 0.00019902555227451965 0.0
0.4500000000000003 -1.8598679157934437e-06 0.00021349449686123 0.0
0.4550000000000003 -1.9852646365121986e-06 0.00022879015062877587 0.0
0.4600000000000003 -2.1241187577718184e-06 0.00024524881897062975 0.0
0.4650000000000003 -2.2775277164731504e-06 0.0002632443641857881 0.0
0.4700000000000003 -2.4478998530076065e-06 0.00028322032228307836 0.0
0.4750000000000003 -2.640787986576194e-06 0.00030572269207866285 0.0
0.4800000000000003 -2.865565688789663e-06 0.00033141456060194554 0.0
0.4850000000000003 -3.134723299764707e-06 0.0003610528708689898 0.0
0.4900000000000003 -3.4620692778464782e-06 0.00039543536492909955 0.0
0.49500000000000033 -3.860600479246045e-06 0.00043533090030248815 0.0
0.5000000000000003 -4.3403195199287165e-06 0.00048139797338068486 0.0
0.5050000000000003 -4.906985813764808e-06 0.0005341180466653133 0.0
0.5100000000000003 -5.561605606838441e-06 0.0005937502256752055 0.0
0.5150000000000003 -6.300831797107607e-06 0.0006603182459199776 0.0
0.5200000000000004 -7.1184551283747735e-06 0.0007336433588052007 0.0
0.5250000000000004 -8.00798145067276e-06 0.0008134161337729644 0.0
0.5300000000000004 -8.964468439098628e-06 0.0008992541135386475 0.0
0.5350000000000004 -9.985029528462932e-06 0.0009907218142886484 0.0
0.5400000000000004 -1.1067880206741083e-05 0.001087305700180703 0.0
0.5450000000000004 -1.2208758683359728e-05 0.0011883173614526596 0.0
0.5500000000000004 -1.3397828037603478e-05 0.0012927934724465612 0.0
0.5550000000000004 -1.4616936181109077e-05 0.0013994035042185365 0.0
0.5600000000000004 -1.583948429566967e-05 0.0015064201268975776 0.0
0.5650000000000004 -1.703332518418183e-05 0.0016117837217634215 0.0
0.5700000000000004 -1.8164715277701327e-05 0.001713195942629124 0.0
0.5750000000000004 -1.9205523105307694e-05 0.001808342110425287 0.0
0.5800000000000004 -2.013666988505562e-05 0.0018951433474831128 0.0
0.5850000000000004 -2.0944560798088216e-05 0.0019718037430175974 0.0
0.5900000000000004 -2.161838706322058e-05 0.002036747099406072 0.0
0.5950000000000004 -2.2149746537695893e-05 0.00208858155229554 0.0
0.6000000000000004 -2.2532287474730124e-05 0.0021261245418828 0.0
0.6050000000000004 -2.2759832037415125e-05 0.0021484373487939694 0.0
0.6100000000000004 -2.2825629344196622e-05 0.0021549029612770634 0.0
0.6150000000000004 -2.2725629643344574e-05 0.0021453588922579823 0.0
0.6200000000000004 -2.2462962740250205e-05 0.002120221552152014 0.0
0.6250000000000004 -2.2051988124267996e-05 0.002080572782109488 0.0
0.6300000000000004 -2.1516695127345576e-05 0.00202811089844849 0.0
0.6350000000000005 -2.0886609793068985e-05 0.001964992220406301 0.0
0.6400000000000005 -2.0193917657326332e-05 0.0018936684748678489 0.0
0.6450000000000005 -1.9469915060614304e-05 0.0018166856430427763 0.0
0.6500000000000005 -1.8740009872368497e-05 0.0017364413613036441 0.0
0.6550000000000005 -1.801891218228178e-05 0.0016549298050321278 0.0
0.6600000000000005 -1.7311616805587326e-05 0.0015736097397751594 0.0
0.6650000000000005 -1.6615823946313998e-05 0.0014933165601170393 0.0
0.6700000000000005 -1.592356275840825e-05 0.0014141593589058821 0.0
0.6750000000000005 -1.5223074608857434e-05 0.0013354823871038236 0.0
0.6800000000000005 -1.4498384026700684e-05 0.0012558467717293537 0.0
0.6850000000000005 -1.3727195419027454e-05 0.0011729395080037302 0.0
0.6900000000000005 -1.2878654657558138e-05 0.001083462484693316 0.0
0.6950000000000005 -1.1913458451294698e-05 0.0009831487982051993 0.0
0.7000000000000005 -1.0782339870961703e-05 0.0008668438099470766 0.0
0.7050000000000005 -9.42433042331573e-06 0.0007286451112664186 0.0
0.7100000000000005 -7.769197424819532e-06 0.0005621524849871177 0.0
0.7150000000000005 -5.7420767746423655e-06 0.00036082888643238626 0.0
0.7200000000000005 -3.26900405269317e-06 0.00011840268407712423 0.0
0.7250000000000005 -2.830769479558018e-07 -0.0001707138725453359 0.0
0.7300000000000005 3.2653979167444206e-06 -0.0005109258034184546 0.0
0.7350000000000005 7.398572575682196e-06 -0.0009049842703449766 0.0
0.7400000000000005 1.2105238213914083e-05 -0.0013536357094388123 0.0
0.7450000000000006 1.733558728956279e-05 -0.0018553024166897071 0.0
0.7500000000000006 2.3003518189374985e-05 -0.0024059641428751093 0.0
0.7550000000000006 2.899938007378271e-05 -0.0029993798044891983 0.0
0.7600000000000006 3.520129083928648e-05 -0.003627558860395485 0.0
0.7650000000000006 4.149208016653621e-05 -0.004281587760379499 0.0
0.7700000000000006 4.776852360123912e-05 -0.004952261115534506 0.0
0.7750000000000006 5.394201559004855e-05 -0.005630161961917456 0.0
0.7800000000000006 5.992371801151697e-05 -0.006304910389754368 0.0
0.7850000000000006 6.559073836480917e-05 -0.006963177171161758 0.0
0.7900000000000006 7.07766955970583e-05 -0.007587213440654378 0.0
0.7950000000000006 7.529798279522149e-05 -0.008155392920859384 0.0
0.8000000000000006 7.89905490258743e-05 -0.008644632478788631 0.0
0.8050000000000006 8.173781614099064e-05 -0.009033878311269571 0.0
0.8100000000000006 8.34749255237763e-05 -0.009306971250179968 0.0
0.8150000000000006 8.418707820377222e-05 -0.009453950594166205 0.0
0.8200000000000006 8.390638594549477e-05 -0.009471058490286966 0.0
0.8250000000000006 8.270714230207285e-05 -0.00936032644108847 0.0
0.8300000000000006 8.06869611466937e-05 -0.009128831581591864 0.0
0.8350000000000006 7.794139527234423e-05 -0.008787423183831116 0.0
0.8400000000000006 7.451686684436966e-05 -0.008348419772278024 0.0
0.8450000000000006 7.040268755122486e-05 -0.007823746923662327 0.0
0.8500000000000006 6.55966494695536e-05 -0.007225626232730247 0.0
0.8550000000000006 6.0164825833810945e-05 -0.006568727214349569 0.0
0.8600000000000007 5.4239392051603666e-05 -0.005871229218911862 0.0
0.8650000000000007 4.799026162947932e-05 -0.0051539848190119055 0.0
0.8700000000000007 4.1624050607242016e-05 -0.0044388463895681865 0.0
0.8750000000000007 3.540233622343735e-05 -0.003747168964631415 0.0
0.8800000000000007 2.961768104843948e-05 -0.0030982189427461036 0.0
0.8850000000000007 2.4518817587249965e-05 -0.0025072855206316573 0.0
0.8900000000000007 2.0246029402755955e-05 -0.0019842580638474985 0.0
0.8950000000000007 1.681787705796965e-05 -0.001533331598755305 0.0
0.9000000000000007 1.4156276192048817e-05 -0.0011535548038649074 0.0
0.9050000000000007 1.2126027559694839e-05 -0.0008400131424145612 0.0
0.9100000000000007 1.056399547029713e-05 -0.0005854749155139508 0.0
0.9150000000000007 9.291082564883143e-06 -0.00038144362722577314 0.0
0.9200000000000007 8.150118102708485e-06 -0.00021887415093229344 0.0
0.9250000000000007 7.047313601559647e-06 -8.870019942926421e-05 0.0
0.9300000000000007 5.959717947254249e-06 1.7977325485408337e-05 0.0
0.9350000000000007 4.9020484437334495e-06 0.000110082757662409 0.0
0.9400000000000007 3.879370079030747e-06 0.00019686480667479434 0.0
0.9450000000000007 2.866251878059804e-06 0.00028785569684289583 0.0
0.9500000000000007 1.7938313968928408e-06 0.0003928510169453526 0.0
0.9550000000000007 5.366142134974957e-07 0.0005222784460767027 0.0
0.9600000000000007 -1.0924728476935552e-06 0.000687563325341857 0.0
0.9650000000000007 -3.329055641830233e-06 0.0009007522201784627 0.0
0.9700000000000008 -6.411613074366054e-06 0.0011728934014142965 0.0
0.9750000000000008 -1.0508164420823843e-05 0.0015114107437097762 0.0
0.9800000000000008 -1.565032795206354e-05 0.0019176136996607786 0.0
0.9850000000000008 -2.1711349463837204e-05 0.002385677869553824 0.0
0.9900000000000008 -2.8436549005395558e-05 0.0029036179936297295 0.0
0.9950000000000008 -3.551035128080058e-05 0.0034559648587073216 0.0
1.0000000000000007 -4.263043661477436e-05 0.0040270482172697405 0.0
1.0050000000000006 -4.956981218684098e-05 0.004603688404913281 0.0
1.0100000000000005 -5.622318407353715e-05 0.005176713897725154 0.0
1.0150000000000003 -6.261398197049842e-05 0.0057408951758476535 0.0
1.0200000000000002 -6.88470182136227e-05 0.006293355009413167 0.0
1.0250000000000001 -7.502523407743352e-05 0.0068312603226332565 0.0
1.03 -8.116897815426775e-05 0.007349812528343772 0.0
1.035 -8.717251695164143e-05 0.007841234380533817 0.0
1.0399999999999998 -9.281039219330547e-05 0.008295047505189354 0.0
1.0449999999999997 -9.778376627782317e-05 0.008699536392745583 0.0
1.0499999999999996 -0.0001017960117897395 0.009043901690457276 0.0
1.0549999999999995 -0.00010464255765520129 0.009320534869399492 0.0
1.0599999999999994 -0.00010627593360187869 0.009526749164788555 0.0
1.0649999999999993 -0.00010682660007837547 0.009665506280218677 0.0
1.0699999999999992 -0.00010657560758079752 0.009745002246482849 0.0
1.074999999999999 -0.00010588673608293569 0.009777270141859137 0.0
1.079999999999999 -0.00010512197173789147 0.009776313558167899 0.0
1.0849999999999989 -0.00010456782983869904 0.009756342810942996 0.0
1.0899999999999987 -0.00010439551578577137 0.00973056619655326 0.0
1.0949999999999986 -0.00010466579113688161 0.009710886573342731 0.0
1.0999999999999985 -0.00010536186797631426 0.009708240210114186 0.0
1.1049999999999984 -0.0001064439461579304 0.00973324433288659 0.0
1.1099999999999983 -0.0001079237471958756 0.00979711268090719 0.0
1.1149999999999982 -0.00010992355392053483 0.009912403846460504 0.0
1.119999999999998 -0.0001126900756521204 0.01009289953718707 0.0
1.124999999999998 -0.00011654683284534296 0.010351963913456434 0.0
1.129999999999998 -0.00012181492726324958 0.010700112472502509 0.0
1.1349999999999978 -0.00012871772509891424 0.011142481012008135 0.0
1.1399999999999977 -0.0001373123463729092 0.011676829183907897 0.0
1.1449999999999976 -0.00014743129308602483 0.012291964555753324 0.0
1.1499999999999975 -0.00015863448576605572 0.012966895890482593 0.0
1.1549999999999974 -0.00017025723517281503 0.01367242326636383 0.0
1.1599999999999973 -0.0001815983067694792 0.014376913060257419 0.0
1.1649999999999971 -0.00019203747112085938 0.01505049080770472 0.0
1.169999999999997 -0.00020103084227314244 0.01566502331203693 0.0
1.174999999999997 -0.00020811634677240845 0.01619232823238864 0.0
1.1799999999999968 -0.0002129432108157032 0.016603225039916486 0.0
1.1849999999999967 -0.0002152786246979202 0.016868615753472652 0.0
1.1899999999999966 -0.00021496632280597564 0.01696175142494339 0.0
1.1949999999999965 -0.00021186510727868723 0.016860908829827194 0.0
1.1999999999999964 -0.00020585150606409707 0.016552210706440047 0.0
1.2049999999999963 -0.00019688932392569985 0.016031567117816514 0.0
1.2099999999999962 -0.00018507211825218833 0.015304563918310544 0.0
1.214999999999996 -0.00017062255333755353 0.014385289448252568 0.0
1.219999999999996 -0.00015388333844866976 0.013295614268962655 0.0
1.2249999999999959 -0.00013534163893078575 0.01206532415417134 0.0
1.2299999999999958 -0.00011567420488234413 0.010732575970761738 0.0
1.2349999999999957 -9.573321465245782e-05 0.009342972744430815 0.0
1.2399999999999956 -7.645921893841764e-05 0.007947216218820765 0.0
1.2449999999999954 -5.875124637860276e-05 0.0065977847979904886 0.0
1.2499999999999953 -4.3347471749834885e-05 0.005344932609758923 0.0
1.2549999999999952 -3.075876838102529e-05 0.0042332824507086055 0.0
1.2599999999999951 -2.1245685591502248e-05 0.003299446083309768 0.0
1.264999999999995 -1.4840911156986319e-05 0.002570916380022866 0.0
1.269999999999995 -1.1398638436453003e-05 0.002065878805594168 0.0
1.2749999999999948 -1.0680359117834134e-05 0.0017940100139140725 0.0
1.2799999999999947 -1.2474595206622776e-05 0.0017584142213615006 0.0
1.2849999999999946 -1.665827542681662e-05 0.001956703933579365 0.0
1.2899999999999945 -2.318418173811472e-05 0.002380364771219585 0.0
1.2949999999999944 -3.203743400058058e-05 0.003013529639820442 0.0
1.2999999999999943 -4.3138780096786125e-05 0.003830807180243067 0.0
1.3049999999999942 -5.624451319284039e-05 0.004796547990213555 0.0
1.309999999999994 -7.091827962258282e-05 0.005867173136204171 0.0
1.314999999999994 -8.649315099679666e-05 0.006994231847840347 0.0
1.3199999999999938 -0.00010203450677752086 0.008125313868091674 0.0
1.3249999999999937 -0.00011646411397794143 0.009206221278802332 0.0
1.3299999999999936 -0.00012883424805758145 0.010186964212607286 0.0
1.3349999999999935 -0.0001385460477756744 0.011028146922126605 0.0
1.3399999999999934 -0.0001453918687432676 0.01170396320786375 0.0
1.3449999999999933 -0.00014947143196132018 0.012201320393273119 0.0
1.3499999999999932 -0.00015109276088954174 0.012517393718565644 0.0
1.354999999999993 -0.00015065915115917216 0.012656000889094635 0.0
1.359999999999993 -0.00014849437851002784 0.012622551615335697 0.0
1.3649999999999929 -0.0001446688946184179 0.012419600929723338 0.0
1.3699999999999928 -0.00013896622791046808 0.012045798449971676 0.0
1.3749999999999927 -0.00013103634593355704 0.011499234542258626 0.0
1.3799999999999926 -0.00012064884479056559 0.010783451692892916 0.0
1.3849999999999925 -0.00010788752367627249 0.009912689132737166 0.0
1.3899999999999924 -9.322768127507297e-05 0.008914742465041349 0.0
1.3949999999999922 -7.750366833782232e-05 0.007831126167839647 0.0
1.3999999999999921 -6.179671760365562e-05 0.006714557883356306 0.0
1.404999999999992 -4.726907914067201e-05 0.005624349481956866 0.0
1.409999999999992 -3.4949498053707794e-05 0.0046200219734403875 0.0
1.4149999999999918 -2.5550251907868792e-05 0.0037547614238259796 0.0
1.4199999999999917 -1.940546037850509e-05 0.003071261394344742 0.0
1.4249999999999916 -1.6524083229970394e-05 0.002600641911465916 0.0
1.4299999999999915 -1.6695520709784547e-05 0.0023632294039494634 0.0
1.4349999999999914 -1.9621172887174094e-05 0.0023699192653707517 0.0
1.4399999999999913 -2.5052796811693104e-05 0.0026242418547357473 0.0
1.4449999999999912 -3.289991881832681e-05 0.0031244062055855643 0.0
1.449999999999991 -4.323382596685781e-05 0.003863200756288203 0.0
1.454999999999991 -5.619817494069051e-05 0.0048258517417835685 0.0
1.4599999999999909 -7.186437103771795e-05 0.005987195644757882 0.0
1.4649999999999908 -9.00737119862834e-05 0.007309094977607298 0.0
1.4699999999999906 -0.00011036153057275104 0.008741523055043776 0.0
1.4749999999999905 -0.00013194348052184004 0.01022706458937192 0.0
1.4799999999999904 -0.00015371145155192604 0.011704247085304702 0.0
1.4849999999999903 -0.00017428497592535976 0.013108533894658868 0.0
1.4899999999999902 -0.00019226255231258131 0.01437617350647664 0.0
1.4949999999999901 -0.00020653836157791383 0.015451141441366046 0.0
1.49999999999999 -0.0002164735327271342 0.016290819887174415 0.0
1.50499999999999 -0.00022188226026181355 0.016867909603921646 0.0
1.5099999999999898 -0.0002229375520813427 0.01716963569848043 0.0
1.5149999999999897 -0.00022008908114030942 0.017196107690753186 0.0
1.5199999999999896 -0.00021389267423238838 0.01695595180080374 0.0
1.5249999999999895 -0.00020474677691163123 0.016459372880642573 0.0
1.5299999999999894 -0.0001926999840630988 0.015712652846070187 0.0
1.5349999999999893 -0.00017751693836232666 0.014718082290713528 0.0
1.5399999999999892 -0.000158969886622004 0.013479425848202222 0.0
1.544999999999989 -0.00013713264219051982 0.012009146623694027 0.0
1.549999999999989 -0.00011252543285719248 0.010333892191051203 0.0
1.5549999999999888 -8.611774950254453e-05 0.00849716367183007 0.0
1.5599999999999887 -5.9238129377196704e-05 0.006559037376442442 0.0
1.5649999999999886 -3.339732436807791e-05 0.0045925961898577155 0.0
1.5699999999999885 -1.0044451066896483e-05 0.0026774773675686467 0.0
1.5749999999999884 9.702755778530969e-06 0.0008914050965259837 0.0
1.5799999999999883 2.5216945574675712e-05 -0.0006970198950852849 0.0
1.5849999999999882 3.63532374768416e-05 -0.0020320178479315497 0.0
1.589999999999988 4.333170209324727e-05 -0.0030714432523539655 0.0
1.594999999999988 4.658372984012039e-05 -0.0037856962217353777 0.0
1.5999999999999879 4.658976710740655e-05 -0.004156641899651207 0.0
1.6049999999999878 4.3721324875220154e-05 -0.004176113749830712 0.0
1.6099999999999877 3.8100786505390585e-05 -0.0038435021026775773 0.0
1.6149999999999876 2.961240373020274e-05 -0.0031658738137006043 0.0
1.6199999999999875 1.8038957191600842e-05 -0.0021612288342622923 0.0
1.6249999999999873 3.228634412865668e-06 -0.0008618281726046319 0.0
1.6299999999999872 -1.4770223051083553e-05 0.0006840342797902545 0.0
1.6349999999999871 -3.564686012785552e-05 0.0024153907404787663 0.0
1.639999999999987 -5.8741491251599836e-05 0.004263780591309451 0.0
1.644999999999987 -8.293389423431771e-05 0.006154825260599102 0.0
1.6499999999999868 -0.00010669077074349001 0.008008496049361227 0.0
1.6549999999999867 -0.0001284317050154078 0.009745371310086293 0.0
1.6599999999999866 -0.00014695759284237664 0.01129757255313933 0.0
1.6649999999999865 -0.0001616208495677596 0.012616316924992705 0.0
1.6699999999999864 -0.00017227577866280836 0.013673591509690258 0.0
1.6749999999999863 -0.00017917834823835297 0.014460198408437734 0.0
1.6799999999999862 -0.00018284407877184678 0.014980420354095239 0.0
1.684999999999986 -0.00018377681290277853 0.015243328902116054 0.0
1.689999999999986 -0.00018212374440038548 0.015253866819497662 0.0
1.6949999999999859 -0.00017753886444753637 0.015009586067506929 0.0
1.6999999999999857 -0.00016939867597404488 0.01450537039208013 0.0
1.7049999999999856 -0.0001572386556040318 0.013743309414854446 0.0
1.7099999999999855 -0.00014112144250109804 0.012742197447825112 0.0
1.7149999999999854 -0.00012176578652506614 0.011542547395228406 0.0
1.7199999999999853 -0.00010047849572305176 0.010206676195234018 0.0
1.7249999999999852 -7.901125412774063e-05 0.0088159892467561 0.0
1.729999999999985 -5.928533506000464e-05 0.00746405751761636 0.0
1.734999999999985 -4.3018799711612246e-05 0.00624533125410618 0.0
1.739999999999985 -3.142544901244209e-05 0.005243830265149318 0.0
1.7449999999999848 -2.510117510964365e-05 0.004525618691748907 0.0
1.7499999999999847 -2.4084938045032538e-05 0.0041359261926698625 0.0
1.7549999999999846 -2.803356415216361e-05 0.004100442032137439 0.0
1.7599999999999845 -3.6411566443057784e-05 0.0044280044923597104 0.0
1.7649999999999844 -4.8701407101432724e-05 0.00511419571028193 0.0
1.7699999999999843 -6.462916892491133e-05 0.006146314366426692 0.0
1.7749999999999841 -8.424436586078348e-05 0.007505880954357476 0.0
1.779999999999984 -0.00010779780456039294 0.009166306999595919 0.0
1.784999999999984 -0.00013552494375207005 0.011088717565947719 0.0
1.7899999999999838 -0.00016739965566919972 0.013217743131033462 0.0
1.7949999999999837 -0.00020293546518104967 0.015481294346811513 0.0
1.7999999999999836 -0.00024107384697974192 0.01779466818450286 0.0
1.8049999999999835 -0.00028004682133090676 0.020064164066065666 0.0
1.8099999999999834 -0.00031733012332471865 0.022188229499624724 0.0
1.8149999999999833 -0.0003500345658620158 0.02406368860193822 0.0
1.8199999999999832 -0.00037560503256559805 0.025598814186998563 0.0
1.824999999999983 -0.00039234926146607016 0.026725128049428365 0.0
1.829999999999983 -0.0003996313537104169 0.02740314153469635 0.0
1.8349999999999829 -0.00039779450171691913 0.027622265649252107 0.0
1.8399999999999828 -0.00038791382327968145 0.027395846540301517 0.0
1.8449999999999827 -0.00037140570376639005 0.02675195110586645 0.0
1.8499999999999825 -0.0003495452846940027 0.025721805722030366 0.0
1.8549999999999824 -0.0003230929541112238 0.024330364516794566 0.0
1.8599999999999823 -0.00029227965991296525 0.022594649319068277 0.0
1.8649999999999822 -0.0002571452360241049 0.02053048355451829 0.0
1.8699999999999821 -0.00021802190508390948 0.018164029492215787 0.0
1.874999999999982 -0.00017587299297609226 0.015542392494969578 0.0
1.879999999999982 -0.0001323769482089703 0.012739633605387626 0.0
1.8849999999999818 -8.976831269317581e-05 0.009856801794326705 0.0
1.8899999999999817 -5.0544056167763714e-05 0.007016782542998606 0.0
1.8949999999999816 -1.700563574804084e-05 0.0043527389215479466 0.0
1.8999999999999815 9.212358411101727e-06 0.001991575142601668 0.0
1.9049999999999814 2.7374806903151967e-05 3.877617818989788e-05 0.0
1.9099999999999813 3.762431456283461e-05 -0.0014310430157698432 0.0
1.9149999999999812 4.078835941022257e-05 -0.0023778462310706347 0.0
1.919999999999981 3.809327228490817e-05 -0.0027946953882839096 0.0
1.924999999999981 3.082256513350066e-05 -0.0027001414172208877 0.0
1.9299999999999808 1.995653845272812e-05 -0.0021269748220009202 0.0
1.9349999999999807 5.9757256981088955e-06 -0.0011144783640395675 0.0
1.9399999999999806 -1.1148227813450317e-05 0.00029376389186347175 0.0
1.9449999999999805 -3.180471828709644e-05 0.0020472600989806518 0.0
1.9499999999999804 -5.6436501093177036e-05 0.004085239313228974 0.0
1.9549999999999803 -8.526448388271283e-05 0.006336750334816052 0.0
1.9599999999999802 -0.0001178805311731992 0.008719256685070167 0.0
1.96499999999998 -0.0001528341697442174 0.011132590075662833 0.0
1.96999999999998 -0.0001876599244509398 0.013459917872410312 0.0
1.9749999999999799 -0.00021944153484630376 0.01558147956152774 0.0
1.9799999999999798 -0.00024550306448687536 0.017392427130648307 0.0
1.9849999999999797 -0.00026393223026323543 0.01881583299801791 0.0
1.9899999999999796 -0.0002739384218953373 0.019810100737146976 0.0
1.9949999999999795 -0.00027595296501190924 0.020369765245538782 0.0
1.9999999999999793 -0.0002713680527178643 0.020517680447887154 0.0
2.0049999999999795 -0.00026188490585755985 0.020289393935574135 0.0
2.0099999999999794 -0.00024876617728578337 0.019715949314245477 0.0
2.0149999999999793 -0.00023243111202847757 0.01881353831751949 0.0
2.019999999999979 -0.00021256139543504663 0.01758473535517241 0.0
2.024999999999979 -0.00018854285654496336 0.01602869381438304 0.0
2.029999999999979 -0.00016000873244938947 0.01415527305506446 0.0
2.034999999999979 -0.00012732339343219537 0.011998933043358391 0.0
2.0399999999999787 -9.185462853118103e-05 0.009628400450363613 0.0
2.0449999999999786 -5.588448359795771e-05 0.007148079478123515 0.0
2.0499999999999785 -2.221389905219549e-05 0.004691348229524955 0.0
2.0549999999999784 6.476546233645367e-06 0.0024055420874054636 0.0
2.0599999999999783 2.821070489922991e-05 0.00043208377939947653 0.0
2.064999999999978 4.196682806888746e-05 -0.0011107462237331027 0.0
2.069999999999978 4.764441983200012e-05 -0.0021387426899717172 0.0
2.074999999999978 4.586971185662487e-05 -0.0026058011694111765 0.0
2.079999999999978 3.7702120753250876e-05 -0.002500935572074971 0.0
2.0849999999999778 2.4303843259748383e-05 -0.0018406450699845998 0.0
2.0899999999999777 6.5374401430010765e-06 -0.0006572736086046642 0.0
2.0949999999999775 -1.5306643911688986e-05 0.0010107224065305958 0.0
2.0999999999999774 -4.151302325555649e-05 0.003120802387986754 0.0
2.1049999999999773 -7.27900085236829e-05 0.0056235712850081394 0.0
2.1099999999999772 -0.000109905124219014 0.008455330945501943 0.0
2.114999999999977 -0.00015321434085727973 0.011532721159327085 0.0
2.119999999999977 -0.00020226554047333455 0.014753105751857502 0.0
2.124999999999977 -0.0002553705142939173 0.017995948290005427 0.0
2.129999999999977 -0.0003093232337132901 0.02112200092692413 0.0
2.1349999999999767 -0.00035982682409054363 0.02398173047360363 0.0
2.1399999999999766 -0.0004025143336744422 0.02643534195575505 0.0
2.1449999999999765 -0.00043399656867304135 0.028373552036286658 0.0
2.1499999999999764 -0.0004524907277341603 0.029729662297829598 0.0
2.1549999999999763 -0.00045800587378756107 0.030482514880397566 0.0
2.159999999999976 -0.0004520476409441185 0.03065030327990717 0.0
2.164999999999976 -0.00043688749033343825 0.030275184725352254 0.0
2.169999999999976 -0.00041463032383017825 0.029403210303845156 0.0
2.174999999999976 -0.00038648566851460424 0.028067880637641346 0.0
2.1799999999999757 -0.00035267817626096425 0.026286337245602767 0.0
2.1849999999999756 -0.00031292394853988954 0.02406818961308135 0.0
2.1899999999999755 -0.00026717486384651316 0.021432163896924743 0.0
2.1949999999999754 -0.0002162759001943456 0.018423640206126878 0.0
2.1999999999999753 -0.00016225861005949568 0.015126558828110013 0.0
2.204999999999975 -0.00010819842766549535 0.011666439421946125 0.0
2.209999999999975 -5.7746766221434634e-05 0.00820495195385002 0.0
2.214999999999975 -1.4356932312393287e-05 0.004923869731433312 0.0
2.219999999999975 1.9478013811780467e-05 0.0020010223934937388 0.0
2.2249999999999748 4.259727726885723e-05 -0.00041313931478971364 0.0
2.2299999999999747 5.5128778058610756e-05 -0.0022111719613167875 0.0
2.2349999999999746 5.816247798160893e-05 -0.0033342616733121606 0.0
2.2399999999999745 5.334609249533745e-05 -0.003769585149200448 0.0
2.2449999999999743 4.244709675099926e-05 -0.003540530337598938 0.0
2.2499999999999742 2.6869681175526337e-05 -0.002691109295031017 0.0
2.254999999999974 7.299876344051051e-06 -0.0012723877556308797 0.0
2.259999999999974 -1.6365840046798023e-05 0.0006620738418516996 0.0
2.264999999999974 -4.486813401911733e-05 0.0030538117607352513 0.0
2.269999999999974 -7.917762885359302e-05 0.00583145476370069 0.0
2.2749999999999737 -0.00011999082369755932 0.008905127972718113 0.0
2.2799999999999736 -0.0001671868241173332 0.01216456350810139 0.0
2.2849999999999735 -0.00021921554449488514 0.015476736199676424 0.0
2.2899999999999734 -0.00027268743211944827 0.018683761598682427 0.0
2.2949999999999733 -0.0003228567596159412 0.021614329110886763 0.0
2.299999999999973 -0.00036484889548427714 0.02410988928593834 0.0
2.304999999999973 -0.00039487175308482647 0.026049555414873648 0.0
2.309999999999973 -0.000410999446416355 0.02736398498049127 0.0
2.314999999999973 -0.00041340443614312083 0.028037575932866203 0.0
2.3199999999999728 -0.0004040036264132157 0.028099206292589402 0.0
2.3249999999999726 -0.00038558460519185113 0.027603259405119224 0.0
2.3299999999999725 -0.0003606970381626595 0.026606203345010106 0.0
2.3349999999999724 -0.00033081812653779806 0.025148222819262885 0.0
2.3399999999999723 -0.0002962552500523175 0.023249587390253866 0.0
2.344999999999972 -0.0002566642824860586 0.020920928980572663 0.0
2.349999999999972 -0.0002118553514864575 0.018181939980497087 0.0
2.354999999999972 -0.00016252893773048354 0.01508170711112931 0.0
2.359999999999972 -0.00011063835464343257 0.011713049914893019 0.0
2.364999999999972 -5.928593230291278e-05 0.008216944759114228 0.0
2.3699999999999717 -1.2197820120009137e-05 0.004776246051203201 0.0
2.3749999999999716 2.7138247220295745e-05 0.0015963503829726309 0.0
2.3799999999999715 5.624843422610398e-05 -0.0011224269471480277 0.0
2.3849999999999714 7.402082028066463e-05 -0.003212571031892845 0.0
2.3899999999999713 8.061140150177579e-05 -0.004558771962023417 0.0
2.394999999999971 7.703264981154374e-05 -0.005103472690003357 0.0
2.399999999999971 6.477392339533884e-05 -0.004843087996825053 0.0
2.404999999999971 4.543247245864734e-05 -0.003816994138805071 0.0
2.409999999999971 2.0256605817164376e-05 -0.002089008998645242 0.0
2.4149999999999707 -1.0257872968701624e-05 0.00026970523652155285 0.0
2.4199999999999706 -4.64718680784343e-05 0.0031871718024835023 0.0
2.4249999999999705 -8.943398804551316e-05 0.006587673799441073 0.0
2.4299999999999704 -0.00014039791230431532 0.010382450112674694 0.0
2.4349999999999703 -0.00020017316793789582 0.01446221788602598 0.0
2.43999999999997 -0.0002684332087770695 0.018693957228266885 0.0
2.44499999999997 -0.0003429564589728636 0.022918509096722318 0.0
2.44999999999997 -0.0004191566783427484 0.0269499685030215 0.0
2.45499999999997 -0.0004906541440008875 0.030589739412344965 0.0
2.4599999999999698 -0.0005507860996689 0.03365538842112127 0.0
2.4649999999999697 -0.000594196197054919 0.03600756039708762 0.0
2.4699999999999696 -0.0006179594648823887 0.037565381915704334 0.0
2.4749999999999694 -0.000621961741679276 0.03830918422505816 0.0
2.4799999999999693 -0.0006084678344255355 0.03827065353504583 0.0
2.4849999999999692 -0.0005810243685954295 0.03751237145924424 0.0
2.489999999999969 -0.0005430877808734344 0.03610243278045112 0.0
2.494999999999969 -0.000496982791537423 0.03409367750761686 0.0
2.499999999999969 -0.0004437132126225912 0.03151814504657373 0.0
2.504999999999969 -0.00038351383608145514 0.028396899348912676 0.0
2.5099999999999687 -0.0003168044876400538 0.024760364652128133 0.0
2.5149999999999686 -0.0002450782294651772 0.020671453747349414 0.0
2.5199999999999685 -0.00017129355363348854 0.01624217480073004 0.0
2.5249999999999684 -9.964364160350911e-05 0.011638683306753297 0.0
2.5299999999999683 -3.481598800773832e-05 0.007074276057977835 0.0
2.534999999999968 1.9098026888071328e-05 0.002787988660100417 0.0
2.539999999999968 5.952124082838618e-05 -0.000986696141487892 0.0
2.544999999999968 8.571197286823251e-05 -0.004053566237684368 0.0
2.549999999999968 9.8510521592853e-05 -0.006276036390501757 0.0
2.5549999999999677 9.97301381608373e-05 -0.007584098778887128 0.0
2.5599999999999676 9.160420687983225e-05 -0.00797029903336522 0.0
2.5649999999999675 7.631618546880347e-05 -0.00747688780346453 0.0
2.5699999999999674 5.550059402768563e-05 -0.006174277475585497 0.0
2.5749999999999673 2.9850867391691625e-05 -0.004141938068498543 0.0
2.579999999999967 -9.519228637602288e-07 -0.001461048932411679 0.0
2.584999999999967 -3.808310596787643e-05 0.0017829947878993566 0.0
2.589999999999967 -8.30278764699254e-05 0.00549041178187381 0.0
2.594999999999967 -0.0001368818533798424 0.009539821322648039 0.0
2.599999999999967 -0.00019955641115608082 0.013784565536841214 0.0
2.6049999999999667 -0.0002689342731930686 0.01804962950469191 0.0
2.6099999999999666 -0.0003403615922364766 0.022131452570660643 0.0
2.6149999999999665 -0.0004073150477589538 0.02581465641929239 0.0
2.6199999999999664 -0.0004630402214700052 0.028904481373194454 0.0
2.6249999999999662 -0.0005022240245049998 0.03125575482008691 0.0
2.629999999999966 -0.0005221402345961889 0.03278839173744596 0.0
2.634999999999966 -0.0005229959373270043 0.03348868125551978 0.0
2.639999999999966 -0.0005073905656302965 0.0333965288726476 0.0
2.644999999999966 -0.0004790778827156093 0.03258154359912398 0.0
2.6499999999999657 -0.00044152112044586916 0.03111519075380311 0.0
2.6549999999999656 -0.00039689748732337643 0.029050307818718386 0.0
2.6599999999999655 -0.0003460491541050313 0.02641848930914245 0.0
2.6649999999999654 -0.00028914018150193014 0.023242912508501287 0.0
2.6699999999999653 -0.00022663585965437157 0.01956083551346393 0.0
2.674999999999965 -0.00016015345764526447 0.01544818978462273 0.0
2.679999999999965 -9.276202930051322e-05 0.011035876415796989 0.0
2.684999999999965 -2.865940197321588e-05 0.006513497901923682 0.0
2.689999999999965 2.767563082679271e-05 0.00211921084406337 0.0
2.6949999999999648 7.257805097868577e-05 -0.0018857847702746016 0.0
2.6999999999999647 0.00010399681510081151 -0.005252616271483867 0.0
2.7049999999999645 0.00012161557601088213 -0.007778504259227155 0.0
2.7099999999999644 0.00012639636198500954 -0.009328300950770642 0.0
2.7149999999999643 0.00011993531422495722 -0.009839903409612218 0.0
2.7199999999999642 0.000103989609414396 -0.009318434802382038 0.0
2.724999999999964 8.010929922406229e-05 -0.007821058946201833 0.0
2.729999999999964 4.924598482054736e-05 -0.0054338562589522355 0.0
2.734999999999964 1.1390285017184727e-05 -0.002251437838752604 0.0
2.739999999999964 -3.445287194120527e-05 0.0016297174456415841 0.0
2.7449999999999637 -9.000126579607635e-05 0.006106309922859339 0.0
2.7499999999999636 -0.00015709359404817512 0.011056934477823932 0.0
2.7549999999999635 -0.00023680059260418446 0.01633260304828759 0.0
2.7599999999999634 -0.0003284312933649347 0.02175299009461007 0.0
2.7649999999999633 -0.0004285375184528666 0.027105615230940582 0.0
2.769999999999963 -0.0005304875055377081 0.03215031202677635 0.0
2.774999999999963 -0.0006253704590038545 0.03664017365627065 0.0
2.779999999999963 -0.0007040957462213533 0.04035691825654968 0.0
2.784999999999963 -0.0007595550181202095 0.04314119974044185 0.0
2.7899999999999627 -0.0007880700183260203 0.04490764574945756 0.0
2.7949999999999626 -0.0007897710140691643 0.0456444649612001 0.0
2.7999999999999625 -0.0007678341364960406 0.04539806766286161 0.0
2.8049999999999624 -0.0007269157894290504 0.044246754624201114 0.0
2.8099999999999623 -0.0006714450733132409 0.04227167640924147 0.0
2.814999999999962 -0.0006045222515621382 0.039536238005584944 0.0
2.819999999999962 -0.0005279034160542608 0.036084406793178155 0.0
2.824999999999962 -0.0004427614080552207 0.03195495105365685 0.0
2.829999999999962 -0.0003508092358413731 0.02720577399774859 0.0
2.8349999999999618 -0.0002551913849194634 0.02193988756418216 0.0
2.8399999999999617 -0.00016063665693015489 0.016321580656205367 0.0
2.8449999999999616 -7.285625237801136e-05 0.010578693919734 0.0
2.8499999999999615 2.6531630181668995e-06 0.004989057498704505 0.0
2.8549999999999613 6.1939216008562e-05 -0.00014958405960752722 0.0
2.8599999999999612 0.00010337825296031765 -0.0045588943112929185 0.0
2.864999999999961 0.00012760522101317468 -0.00801680207445974 0.0
2.869999999999961 0.00013672547069197287 -0.010377819981167229 0.0
2.874999999999961 0.00013342939666833545 -0.011577211408102011 0.0
2.879999999999961 0.00012037326565321122 -0.0116245766183552 0.0
2.8849999999999607 9.971860397837823e-05 -0.010585550066713972 0.0
2.8899999999999606 7.269237371152676e-05 -0.008554803582649543 0.0
2.8949999999999605 3.9295874499235933e-05 -0.0056353757972530906 0.0
2.8999999999999604 -1.6066506640444167e-06 -0.001933773001938443 0.0
2.9049999999999603 -5.1942566523177245e-05 0.0024334552200611153 0.0
2.90999999999996 -0.00011371995206770449 0.007327186145607399 0.0
2.91499999999996 -0.0001880901931292333 0.012577752402878516 0.0
2.91999999999996 -0.000274217943979361 0.017981443618871256 0.0
2.92499999999996 -0.00036828133956689227 0.023301384184826492 0.0
2.9299999999999597 -0.00046317919852834625 0.028276157857524103 0.0
2.9349999999999596 -0.0005497422616066283 0.03264553757539031 0.0
2.9399999999999595 -0.0006190473917976816 0.03618855813778268 0.0
2.9449999999999594 -0.0006645863935726151 0.038752810220454924 0.0
2.9499999999999593 -0.0006835352443928377 0.040265890103511226 0.0
2.954999999999959 -0.0006768622480915216 0.040730482763549056 0.0
2.959999999999959 -0.000648328376726628 0.04020502889740661 0.0
2.964999999999959 -0.0006028048371345666 0.038774806378199134 0.0
2.969999999999959 -0.0005446325331547112 0.03652273580421052 0.0
2.974999999999959 -0.0004767078214893411 0.03351156786116141 0.0
2.9799999999999587 -0.00040068012798541344 0.029786606502942334 0.0
2.9849999999999586 -0.0003178499490507564 0.025394066116870635 0.0
2.9899999999999585 -0.00023028596471761617 0.02040819091770315 0.0
2.9949999999999584 -0.00014154240598536743 0.014957395559826983 0.0
2.9999999999999583 -5.6522005271432994e-05 0.0092374316493738 0.0
3.004999999999958 1.9343092326094572e-05 0.0035097268403336567 0.0
3.009999999999958 8.137473446562925e-05 -0.0019173883797688742 0.0
3.014999999999958 0.00012681931012623317 -0.00672449969227785 0.0
3.019999999999958 0.00015526687088391944 -0.010624406839106305 0.0
3.0249999999999577 0.00016817380135633432 -0.013399017954828065 0.0
3.0299999999999576 0.0001678192364138751 -0.014916077710263735 0.0
3.0349999999999575 0.00015646644472171528 -0.015129898193542733 0.0
3.0399999999999574 0.00013592220762607317 -0.01407214426210822 0.0
3.0449999999999573 0.0001072495436181698 -0.011829664574463087 0.0
3.049999999999957 7.046502152909742e-05 -0.008515635031716767 0.0
3.054999999999957 2.435635135811981e-05 -0.004249974711616522 0.0
3.059999999999957 -3.3297632121685355e-05 0.0008423516255831441 0.0
3.064999999999957 -0.00010522803149257102 0.006621388126714711 0.0
3.0699999999999568 -0.00019378052902300626 0.012917539312384704 0.0
3.0749999999999567 -0.00029971973070092164 0.01952296375580975 0.0
3.0799999999999566 -0.0004208760720438048 0.026190038074055545 0.0
3.0849999999999564 -0.0005511506728281606 0.03263752961817266 0.0
3.0899999999999563 -0.0006805348957240276 0.03856611253551063 0.0
3.0949999999999562 -0.0007968563315297689 0.043688922486826 0.0
3.099999999999956 -0.000888745113499586 0.04777163790620135 0.0
3.104999999999956 -0.0009482695841106938 0.05066073733960496 0.0
3.109999999999956 -0.0009722843890304425 0.052291255226676124 0.0
3.114999999999956 -0.0009622638968752155 0.052677115136266654 0.0
3.1199999999999557 -0.000922871844923176 0.05188727186383254 0.0
3.1249999999999556 -0.0008599326926840009 0.050014463457508804 0.0
3.1299999999999555 -0.0007786835031350632 0.04714707812839052 0.0
3.1349999999999554 -0.000682957036358243 0.043354710383215866 0.0
3.1399999999999553 -0.0005755094603088814 0.03869373006080287 0.0
3.144999999999955 -0.0004590926964175279 0.03322874680771853 0.0
3.149999999999955 -0.0003376844345112011 0.02706257267969986 0.0
3.154999999999955 -0.00021705810882641276 0.020362186012392258 0.0
3.159999999999955 -0.00010424133124336285 0.013368949055792903 0.0
3.1649999999999547 -6.1907104231568325e-06 0.006391888834825971 0.0
3.1699999999999546 7.187187877511606e-05 -0.00021750243323456355 0.0
3.1749999999999545 0.0001276711895433111 -0.006106402305536902 0.0
3.1799999999999544 0.00016202856152088926 -0.010967205847173197 0.0
3.1849999999999543 0.0001779401466741638 -0.014572721299077983 0.0
3.189999999999954 0.00017918905025643682 -0.01679075104389977 0.0
3.194999999999954 0.00016929886539368737 -0.01758279482122431 0.0
3.199999999999954 0.000150944519880938 -0.016990613665069928 0.0
3.204999999999954 0.0001256017018422361 -0.015109643642933376 0.0
3.209999999999954 9.32818077424548e-05 -0.012059007267008112 0.0
3.2149999999999537 5.250302316652925e-05 -0.00796481655445057 0.0
3.2199999999999536 6.504738782414461e-07 -0.002961905118215386 0.0
3.2249999999999535 -6.540488381138252e-05 0.0027939118511514996 0.0
3.2299999999999534 -0.0001482298460877531 0.009109475987484225 0.0
3.2349999999999532 -0.00024850479098291163 0.015747870935023986 0.0
3.239999999999953 -0.0003635270779989082 0.022429176438236047 0.0
3.244999999999953 -0.00048637101006967495 0.028841630333263313 0.0
3.249999999999953 -0.000606295491080425 0.034663940586845784 0.0
3.254999999999953 -0.0007109367459774517 0.039600927176518384 0.0
3.2599999999999527 -0.0007894646313003407 0.0434239398625407 0.0
3.2649999999999526 -0.0008351195485597397 0.045995792188308 0.0
3.2699999999999525 -0.000846184558598472 0.04727296811331003 0.0
3.2749999999999524 -0.0008253337606672897 0.04728928786015001 0.0
3.2799999999999523 -0.0007778745066549229 0.04612700685566991 0.0
3.284999999999952 -0.0007096964122170315 0.0438840051329153 0.0
3.289999999999952 -0.0006257564035991814 0.040647907044964016 0.0
3.294999999999952 -0.0005296338270677636 0.03648793408365208 0.0
3.299999999999952 -0.0004241144161233736 0.03146644974590838 0.0
3.3049999999999518 -0.0003123743308040325 0.025665102795111125 0.0
3.3099999999999516 -0.0001990294284070204 0.019216689893691102 0.0
3.3149999999999515 -9.0291075451123e-05 0.012328380158363843 0.0
3.3199999999999514 6.979336133352973e-06 0.005286423309152527 0.0
3.3249999999999513 8.685216854049962e-05 -0.0015583298425508546 0.0
3.329999999999951 0.000145853094680106 -0.007823581278771304 0.0
3.334999999999951 0.00018368547391725635 -0.013143236456307586 0.0
3.339999999999951 0.0002027269385864327 -0.017216493172750168 0.0
3.344999999999951 0.00020658993115704833 -0.01983706665301318 0.0
3.349999999999951 0.00019871824795819352 -0.02090247772898524 0.0
3.3549999999999507 0.00018157586670563774 -0.02040827554545462 0.0
3.3599999999999506 0.00015632532268214483 -0.018428168735451805 0.0
3.3649999999999505 0.00012273419849365103 -0.015083442720457604 0.0
3.3699999999999504 7.904988584279188e-05 -0.010512686825067183 0.0
3.3749999999999503 2.2133690316100533e-05 -0.004859619205049778 0.0
3.37999999999995 -5.198658856853328e-05 0.001719245606093915 0.0
3.38499999999995 -0.00014726310682408223 0.009038054899549971 0.0
3.38999999999995 -0.00026620293309905944 0.016863071272037206 0.0
3.39499999999995 -0.00040816175021109245 0.02490746118175524 0.0
3.3999999999999497 -0.0005676592610365841 0.03283678671476055 0.0
3.4049999999999496 -0.0007338918234808123 0.040289887536692326 0.0
3.4099999999999495 -0.0008919343423347596 0.04691077798505489 0.0
3.4149999999999494 -0.0010258907969525539 0.05238883109444493 0.0
3.4199999999999493 -0.0011227752035026044 0.056497768675704926 0.0
3.424999999999949 -0.0011752454755371742 0.05911498876175069 0.0
3.429999999999949 -0.0011822682836771807 0.060217133354957125 0.0
3.434999999999949 -0.001147867911728238 0.059857282505332676 0.0
3.439999999999949 -0.0010787775458626883 0.058131219235335964 0.0
3.4449999999999488 -0.0009821254120156908 0.055144287897525554 0.0
3.4499999999999487 -0.0008640203762498096 0.050989164689464364 0.0
3.4549999999999486 -0.0007293982021648761 0.04574371030178057 0.0
3.4599999999999485 -0.0005828055530304177 0.03948703502812382 0.0
3.4649999999999483 -0.00042976222267518616 0.032329862700493935 0.0
3.4699999999999482 -0.00027771459423060014 0.02444809523127546 0.0
3.474999999999948 -0.0001356718931939138 0.016102771028498306 0.0
3.479999999999948 -1.2573361743040487e-05 0.007638567939878096 0.0
3.484999999999948 8.485907321436375e-05 -0.0005388993616069172 0.0
3.489999999999948 0.00015380872599618387 -0.008004819224359248 0.0
3.4949999999999477 0.0001957496236138598 -0.014368108005430119 0.0
3.4999999999999476 0.00021529713984565874 -0.019320239917937868 0.0
3.5049999999999475 0.00021817895338430168 -0.022660363728406307 0.0
3.5099999999999474 0.0002095501358897052 -0.024300290232718933 0.0
3.5149999999999473 0.0001930604691156038 -0.024253866867866625 0.0
3.519999999999947 0.00017048429565994438 -0.02261048753709956 0.0
3.524999999999947 0.00014166465801953557 -0.019501479181181645 0.0
3.529999999999947 0.00010447187816910388 -0.015071353018993339 0.0
3.534999999999947 5.514902027857844e-05 -0.009471482402697141 0.0
3.5399999999999467 -1.0961000957406257e-05 -0.00287336243362237 0.0
3.5449999999999466 -9.83056565858453e-05 0.004511279240417825 0.0
3.5499999999999465 -0.00020943373527512906 0.01241306806803923 0.0
3.5549999999999464 -0.00034313747638418175 0.020504700281375743 0.0
3.5599999999999463 -0.0004928306427706881 0.028413091329276528 0.0
3.564999999999946 -0.00064651252969026 0.03574857730156664 0.0
3.569999999999946 -0.0007885924092640293 0.0421425389945765 0.0
3.574999999999946 -0.0009036386959633396 0.047291083277466915 0.0
3.579999999999946 -0.0009802865655307892 0.050990890981502654 0.0
3.584999999999946 -0.0010134253041356922 0.053150649194970485 0.0
3.5899999999999457 -0.0010040913912773312 0.0537778611252066 0.0
3.5949999999999456 -0.0009575933388961228 0.052948007261066826 0.0
3.5999999999999455 -0.0008809915877028249 0.05076706284265999 0.0
3.6049999999999454 -0.0007810859250439266 0.04734053138905569 0.0
3.6099999999999453 -0.0006634718045854788 0.04275762550923059 0.0
3.614999999999945 -0.0005328396203680735 0.03709802160276028 0.0
3.619999999999945 -0.0003940056207463173 0.03045536804920782 0.0
3.624999999999945 -0.0002531793891056822 0.02297184054803218 0.0
3.629999999999945 -0.00011841005439148712 0.014870235681223197 0.0
3.6349999999999447 1.4683908721582875e-06 0.006466090217255445 0.0
3.6399999999999446 9.884583172547242e-05 -0.0018425990061324313 0.0
3.6449999999999445 0.000169435280494841 -0.00960812298184673 0.0
3.6499999999999444 0.00021335155915401722 -0.016385326861333774 0.0
3.6549999999999443 0.0002345303724224921 -0.021790718901813277 0.0
3.659999999999944 0.0002387577014873641 -0.02554512825196372 0.0
3.664999999999944 0.00023145171523580182 -0.027490850579377193 0.0
3.669999999999944 0.00021629545170197633 -0.027589496439866888 0.0
3.674999999999944 0.00019479008719230733 -0.025901640240064094 0.0
3.6799999999999438 0.00016628938523313504 -0.022551855117522595 0.0
3.6849999999999437 0.00012818069328562738 -0.01769404161726164 0.0
3.6899999999999435 7.602441179028038e-05 -0.011489313561857738 0.0
3.6949999999999434 4.0851455778854e-06 -0.00410822355122936 0.0
3.6999999999999433 -9.37318752266823e-05 0.004249563602359385 0.0
3.7049999999999432 -0.00022232949830948103 0.013330814350321444 0.0
3.709999999999943 -0.000383070864106881 0.02281050530761899 0.0
3.714999999999943 -0.0005714880923990175 0.03229693349791733 0.0
3.719999999999943 -0.0007759240850782077 0.04135519545525006 0.0
3.724999999999943 -0.000978551180567676 0.04954965610362564 0.0
3.7299999999999427 -0.001158624588545326 0.05649019206433519 0.0
3.7349999999999426 -0.0012974245115319918 0.0618766822474512 0.0
3.7399999999999425 -0.0013826384038179381 0.065528671176341 0.0
3.7449999999999424 -0.001410193885257776 0.06738720595105217 0.0
3.7499999999999423 -0.0013832457161824185 0.06749193543280686 0.0
3.754999999999942 -0.001309333501115357 0.06594228259263621 0.0
3.759999999999942 -0.0011973405415550366 0.06285714356742374 0.0
3.764999999999942 -0.001055554350935834 0.0583473641963086 0.0
3.769999999999942 -0.0008911593352461234 0.05250840887738197 0.0
3.7749999999999417 -0.0007109035106822356 0.04543428214047535 0.0
3.7799999999999416 -0.0005224303710056156 0.03724749503258634 0.0
3.7849999999999415 -0.000335463039627958 0.0281372220173813 0.0
3.7899999999999414 -0.0001616100811424122 0.018388377411009675 0.0
3.7949999999999413 -1.2401981238016069e-05 0.008386323906275514 0.0
3.799999999999941 0.00010354415990770592 -0.0014040622616136467 0.0
3.804999999999941 0.00018288491394004226 -0.010482334685498676 0.0
3.809999999999941 0.0002282208488496091 -0.018373097409831913 0.0
3.814999999999941 0.00024659207801104886 -0.02468716987613657 0.0
3.8199999999999408 0.00024660841785395347 -0.02915738634110242 0.0
3.8249999999999407 0.00023586599742731585 -0.0316497541537187 0.0
3.8299999999999406 0.0002194954665307378 -0.032154090123494725 0.0
3.8349999999999405 0.00019972759818917023 -0.03075540853366343 0.0
3.8399999999999403 0.00017601649404471007 -0.027594033142070797 0.0
3.8449999999999402 0.0001453051483006768 -0.022830886352118482 0.0
3.84999999999994 0.00010233544169465877 -0.016632554985440626 0.0
3.85499999999994 4.042197814365934e-05 -0.009182544549505248 0.0
3.85999999999994 -4.732646741228141e-05 -0.0007071869124468362 0.0
3.86499999999994 -0.00016603162047847475 0.008497852020584689 0.0
3.8699999999999397 -0.00031642596253913185 0.018056772799029452 0.0
3.8749999999999396 -0.0004925786058801315 0.027528783678117494 0.0
3.8799999999999395 -0.000681086465173434 0.036443202909932054 0.0
3.8849999999999394 -0.0008628501084907375 0.044347362226155373 0.0
3.8899999999999393 -0.001017326132395068 0.05085788094590184 0.0
3.894999999999939 -0.0011278201036382448 0.05570479661508792 0.0
3.899999999999939 -0.0011852390421627293 0.05875139615690847 0.0
3.904999999999939 -0.0011887066109285498 0.05998263979143558 0.0
3.909999999999939 -0.0011435208784302839 0.05947103336282536 0.0
3.9149999999999388 -0.0010579883990484845 0.057332738202911 0.0
3.9199999999999386 -0.0009407606017685247 0.05368985957116214 0.0
3.9249999999999385 -0.0007995142225205031 0.04864992686018661 0.0
3.9299999999999384 -0.000641064441321746 0.04230952676202266 0.0
3.9349999999999383 -0.00047229362412967734 0.034776585201088214 0.0
3.939999999999938 -0.0003015139545389685 0.02620710100441566 0.0
3.944999999999938 -0.00013909438637706818 0.016844051370514652 0.0
3.949999999999938 3.658321172115102e-06 0.007038404398025298 0.0
3.954999999999938 0.00011713271243384077 -0.002758292486226712 0.0
3.959999999999938 0.0001962385608247293 -0.012028829097934013 0.0
3.9649999999999377 0.00024190495907564522 -0.020248274372981243 0.0
3.9699999999999376 0.00026033438972339584 -0.02695165940621197 0.0
3.9749999999999375 0.0002602920215412924 -0.03178896743011867 0.0
3.9799999999999374 0.000249900534439795 -0.034551641366720766 0.0
3.9849999999999373 0.00023454065227374686 -0.0351737476754174 0.0
3.989999999999937 0.0002161741598007488 -0.03370835405255764 0.0
3.994999999999937 0.00019360662795394045 -0.03028812773592936 0.0
3.999999999999937 0.000163012651061937 -0.025083943375377366 0.0
4.004999999999937 0.00011829510747495659 -0.018275362521329705 0.0
4.009999999999937 5.1525997400377674e-05 -0.010046788124234651 0.0
4.014999999999937 -4.601826812048089e-05 -0.0006097634857031885 0.0
4.0199999999999365 -0.0001820696994621385 0.009764108626899502 0.0
4.024999999999936 -0.0003605033120617708 0.020714679915401615 0.0
4.029999999999936 -0.0005780611483187107 0.031790355544406484 0.0
4.034999999999936 -0.0008222567289671144 0.042477432226202975 0.0
4.039999999999936 -0.0010718706296441634 0.052251694957920654 0.0
4.044999999999936 -0.0013006958023355664 0.06063738874281307 0.0
4.049999999999936 -0.0014836392632327309 0.06726064845081814 0.0
4.054999999999936 -0.0016028224587286784 0.07188637653192737 0.0
4.059999999999936 -0.0016507870084771442 0.07442494079295903 0.0
4.0649999999999356 -0.0016297804143220137 0.07490749091106898 0.0
4.0699999999999354 -0.0015483604397134216 0.07344126900609424 0.0
4.074999999999935 -0.001417474311796693 0.07016162151135641 0.0
4.079999999999935 -0.0012478757344885382 0.06519851198992864 0.0
4.084999999999935 -0.001049284858156368 0.05866486623184017 0.0
4.089999999999935 -0.0008310545254970625 0.05067056406103804 0.0
4.094999999999935 -0.0006034706723693116 0.041353029275545454 0.0
4.099999999999935 -0.00037910054504317026 0.030919182713381912 0.0
4.104999999999935 -0.00017269520916164875 0.019682858459527657 0.0
4.109999999999935 1.2394687564318279e-06 0.008075128012609088 0.0
4.1149999999999345 0.0001320876929437574 -0.0033748068086581493 0.0
4.119999999999934 0.0002163117348503426 -0.014086785851402864 0.0
4.124999999999934 0.0002584033446534115 -0.023499480629886244 0.0
4.129999999999934 0.0002688490066791233 -0.031143636742539234 0.0
4.134999999999934 0.00026016359803721583 -0.03668922976037428 0.0
4.139999999999934 0.00024313238582667618 -0.03996221254018054 0.0
4.144999999999934 0.00022471492602734898 -0.040935758272346384 0.0
4.149999999999934 0.0002075856744966602 -0.039696932605205 0.0
4.154999999999934 0.00019056757752262452 -0.0363997748141508 0.0
4.1599999999999335 0.0001692765858853885 -0.03122446913089204 0.0
4.164999999999933 0.00013653903871277295 -0.024354712787763983 0.0
4.169999999999933 8.315052779635022e-05 -0.015986898573431885 0.0
4.174999999999933 -7.434316563316616e-07 -0.006361927039448443 0.0
4.179999999999933 -0.0001233955650218049 0.004200362877028004 0.0
4.184999999999933 -0.0002880260848485925 0.015277259975309819 0.0
4.189999999999933 -0.0004895522990046719 0.026356050997303395 0.0
4.194999999999933 -0.0007129563825750779 0.03687611391652702 0.0
4.199999999999933 -0.0009351604861910658 0.04629370889031868 0.0
4.204999999999933 -0.001129959027544607 0.054144447338336135 0.0
4.2099999999999325 -0.0012747661908849369 0.060093551325459786 0.0
4.214999999999932 -0.0013560748457101311 0.06396275596067583 0.0
4.219999999999932 -0.0013710414201882162 0.06572134938454266 0.0
4.224999999999932 -0.0013252593047965208 0.06544742027392393 0.0
4.229999999999932 -0.00122863595759946 0.06327396131634103 0.0
4.234999999999932 -0.0010918604507005405 0.05934212073936145 0.0
4.239999999999932 -0.000924759492996621 0.053777150280389874 0.0
4.244999999999932 -0.0007364002876915488 0.046691879206308275 0.0
4.249999999999932 -0.000536062210736041 0.038210444189422925 0.0
4.2549999999999315 -0.0003346062490058784 0.028507392879506703 0.0
4.259999999999931 -0.0001451588877020386 0.0178519965818769 0.0
4.264999999999931 1.8219321794350887e-05 0.006636474048989632 0.0
4.269999999999931 0.00014385231156267172 -0.0046282718217145425 0.0
4.274999999999931 0.00022611521336305055 -0.01534999162036363 0.0
4.279999999999931 0.00026742103167918754 -0.02492075155074127 0.0
4.284999999999931 0.00027715700747774964 -0.03279588812359469 0.0
4.289999999999931 0.0002679167096492776 -0.038561468055777315 0.0
4.294999999999931 0.00025105594490866485 -0.041967444799909354 0.0
4.2999999999999305 0.0002337862907181742 -0.042930127541877854 0.0
4.30499999999993 0.00021833230658403852 -0.04150558045226762 0.0
4.30999999999993 0.00020253817737938138 -0.03784272841258463 0.0
4.31499999999993 0.00018085278794574647 -0.032133073399405285 0.0
4.31999999999993 0.00014504281814457803 -0.024576697385865896 0.0
4.32499999999993 8.459461346723432e-05 -0.015374140604946998 0.0
4.32999999999993 -1.2276542718677254e-05 -0.004750463070996962 0.0
4.33499999999993 -0.00015655796075375448 0.0070032832803353625 0.0
4.33999999999993 -0.00035498257716223077 0.019492723352030776 0.0
4.34499999999993 -0.0006055519714470375 0.03220545922980573 0.0
4.3499999999999295 -0.0008944448564555163 0.044543645937518375 0.0
4.354999999999929 -0.0011960009323238336 0.05588516251475384 0.0
4.359999999999929 -0.00147742349763588 0.06566270309650729 0.0
4.364999999999929 -0.001706264490829895 0.07342860267178489 0.0
4.369999999999929 -0.0018584325354213409 0.0788968580416686 0.0
4.374999999999929 -0.0019231012053932948 0.08195567240793246 0.0
4.379999999999929 -0.0019022932461402197 0.08264013506212188 0.0
4.384999999999929 -0.0018065494834640426 0.08107768137767697 0.0
4.389999999999929 -0.001649669461021472 0.07742820748519384 0.0
4.3949999999999285 -0.0014452813325774268 0.07184298617970053 0.0
4.399999999999928 -0.0012058875765741102 0.06445221003938498 0.0
4.404999999999928 -0.0009437911070729583 0.055382265471207545 0.0
4.409999999999928 -0.000672471985514082 0.04478857104983977 0.0
4.414999999999928 -0.0004079786207879546 0.0329014167115598 0.0
4.419999999999928 -0.00016876697808397508 0.020070965919135368 0.0
4.424999999999928 2.732711953264185e-05 0.00678351420138203 0.0
4.429999999999928 0.00016784303649076583 -0.0063589174963119615 0.0
4.434999999999928 0.0002497953529407505 -0.0186922452546303 0.0
4.439999999999928 0.00028074914877797177 -0.02956958823038851 0.0
4.4449999999999275 0.0002759114752600272 -0.038445456808392134 0.0
4.449999999999927 0.0002527136697032212 -0.04493405745874661 0.0
4.454999999999927 0.00022570677935143885 -0.04883162145866567 0.0
4.459999999999927 0.00020376746980307924 -0.050106654911471336 0.0
4.464999999999927 0.00018969246941452292 -0.048859061189161224 0.0
4.469999999999927 0.0001811645264689506 -0.045265224615010126 0.0
4.474999999999927 0.00017189985369014794 -0.039529007077795206 0.0
4.479999999999927 0.00015234026302291117 -0.03185478688131325 0.0
4.484999999999927 0.00011031147583630116 -0.02245476311633554 0.0
4.4899999999999265 3.252624937993465e-05 -0.01158720667601336 0.0
4.494999999999926 -9.273211851351646e-05 0.0003984884376398013 0.0
4.499999999999926 -0.0002713896402545047 0.013029954670403151 0.0
4.504999999999926 -0.0004990220129796173 0.02571850098770827 0.0
4.509999999999926 -0.0007585669302645388 0.03781197670510177 0.0
4.514999999999926 -0.0010220607161871551 0.04867215728575973 0.0
4.519999999999926 -0.0012568065043740717 0.05775274756999694 0.0
4.524999999999926 -0.0014338579007207098 0.06466003084779437 0.0
4.529999999999926 -0.0015352585270960667 0.06918370006639125 0.0
4.5349999999999255 -0.0015565904910678516 0.07128802974906405 0.0
4.539999999999925 -0.0015043877243608211 0.07106682368821227 0.0
4.544999999999925 -0.0013908506180063409 0.06867834004845434 0.0
4.549999999999925 -0.0012292547719698294 0.06428854429659911 0.0
4.554999999999925 -0.0010319162905441266 0.058043225617425316 0.0
4.559999999999925 -0.00081041160193031 0.05007325657280231 0.0
4.564999999999925 -0.0005767446426873873 0.04052219085620986 0.0
4.569999999999925 -0.0003447426068574729 0.029588957952159222 0.0
4.574999999999925 -0.00013065328489288763 0.017577662641209593 0.0
4.579999999999925 4.8611751638288806e-05 0.004931404928041232 0.0
4.5849999999999245 0.0001796488431101268 -0.007770472625865876 0.0
4.589999999999924 0.0002571465155408469 -0.019854215095065807 0.0
4.594999999999924 0.0002862260993429023 -0.030627935824284396 0.0
4.599999999999924 0.0002806953962233542 -0.03947311113429861 0.0
4.604999999999924 0.0002578151437911493 -0.0459220942580178 0.0
4.609999999999924 0.00023239676795825206 -0.04969651078373932 0.0
4.614999999999924 0.00021313234121866044 -0.050710553910544486 0.0
4.619999999999924 0.00020181224319792455 -0.04903886523319088 0.0
4.624999999999924 0.00019451842095952112 -0.044858744912854936 0.0
4.6299999999999235 0.00018322449498720545 -0.038390301739601375 0.0
4.634999999999923 0.00015686981194727568 -0.02985778608946449 0.0
4.639999999999923 0.0001018271127478852 -0.019481519069021153 0.0
4.644999999999923 2.897904672976111e-06 -0.007505824527709376 0.0
4.649999999999923 -0.00015425154769936592 0.005750217727043487 0.0
4.654999999999923 -0.00037889187836310964 0.01984788204696347 0.0
4.659999999999923 -0.0006695778172970786 0.03420786764764058 0.0
4.664999999999923 -0.0010098328837488857 0.04814260103216063 0.0
4.669999999999923 -0.0013681474569572478 0.06093321165309349 0.0
4.6749999999999226 -0.0017037821159629962 0.07192605709203076 0.0
4.6799999999999224 -0.0019762495581047584 0.08060891867823841 0.0
4.684999999999922 -0.0021554617101066037 0.08665962768639678 0.0
4.689999999999922 -0.002227992045939262 0.08995875991954805 0.0
4.694999999999922 -0.002196670927007005 0.09055691356814799 0.0
4.699999999999922 -0.0020750722684479894 0.08861035343245606 0.0
4.704999999999922 -0.0018807687462826402 0.08430953567411686 0.0
4.709999999999922 -0.0016310543793359457 0.07783134630672658 0.0
4.714999999999922 -0.0013419008351085162 0.06932679867639607 0.0
4.719999999999922 -0.001029185006197362 0.0589425365330498 0.0
4.7249999999999215 -0.000710282024634257 0.04685842375942192 0.0
4.729999999999921 -0.0004054494502041671 0.033338450295163975 0.0
4.734999999999921 -0.0001373090019882138 0.018781933731957676 0.0
4.739999999999921 7.317342679501057e-05 0.003742076271823126 0.0
4.744999999999921 0.0002126743155746387 -0.011097811868066814 0.0
4.749999999999921 0.0002803879454643942 -0.024985565725670802 0.0
4.754999999999921 0.00028885779439922425 -0.037191254118457716 0.0
4.759999999999921 0.0002596810198945207 -0.047103169380126854 0.0
4.764999999999921 0.00021619182785647827 -0.05429404247249554 0.0
4.7699999999999205 0.00017685184654115275 -0.05854605698937394 0.0
4.77499999999992 0.00015192724350443927 -0.059838163754414496 0.0
4.77999999999992 0.00014347054023051598 -0.058297361583146114 0.0
4.78499999999992 0.0001470706821131469 -0.05413330673734496 0.0
4.78999999999992 0.0001536323913090728 -0.04757961557372379 0.0
4.79499999999992 0.00015041486778343251 -0.03886560675551651 0.0
4.79999999999992 0.00012168178155964428 -0.028225899222331263 0.0
4.80499999999992 5.029627085577928e-05 -0.015945731183034804 0.0
4.80999999999992 -7.902893307884084e-05 -0.002415125068723139 0.0
4.81499999999992 -0.00027455720243431967 0.01183381291125077 0.0
4.8199999999999195 -0.000531698555560866 0.02613043597772824 0.0
4.824999999999919 -0.0008300384592900684 0.039728619169621664 0.0
4.829999999999919 -0.0011353536139471745 0.0518971335348085 0.0
4.834999999999919 -0.0014076176294297161 0.062016045886065164 0.0
4.839999999999919 -0.0016115238053031442 0.06964748815898597 0.0
4.844999999999919 -0.0017253806057880257 0.07456661942555846 0.0
4.849999999999919 -0.0017442351619798553 0.07674856318260755 0.0
4.854999999999919 -0.0016765687474624982 0.07631454277336326 0.0
4.859999999999919 -0.0015376484688172437 0.07345530821918936 0.0
4.8649999999999185 -0.001343876840305916 0.06836556152470431 0.0
4.869999999999918 -0.0011104742444113017 0.06121405615139184 0.0
4.874999999999918 -0.0008519674439465942 0.05215330816002219 0.0
4.879999999999918 -0.0005836180962348179 0.04135303041364411 0.0
4.884999999999918 -0.0003228067648225234 0.029047831717869486 0.0
4.889999999999918 -8.928494789002981e-05 0.015592183485476908 0.0
4.894999999999918 9.7412008696258e-05 0.001496476299995719 0.0
4.899999999999918 0.00022322068785227085 -0.012578336987666824 0.0
4.904999999999918 0.000284912055018204 -0.02587048012238359 0.0
4.9099999999999175 0.0002922836986973728 -0.037607157430939044 0.0
4.914999999999917 0.0002650828884611647 -0.04710948415327735 0.0
4.919999999999917 0.00022582369300124978 -0.05387625515059554 0.0
4.924999999999917 0.00019236671069506304 -0.05762448604185044 0.0
4.929999999999917 0.00017375752425753219 -0.058289070783328734 0.0
4.934999999999917 0.00016997486392629984 -0.055980843005817134 0.0
4.939999999999917 0.00017408923371331963 -0.050917611338615575 0.0
4.944999999999917 0.00017461167706609332 -0.04335507855101589 0.0
4.949999999999917 0.00015688297628034837 -0.03354498655102198 0.0
4.954999999999917 0.00010357570253763904 -0.021731335438570358 0.0
4.9599999999999165 -4.296132131632609e-06 -0.00818552951904993 0.0
4.964999999999916 -0.00018435247442458448 0.006732228886301746 0.0
4.969999999999916 -0.0004474882486520977 0.02252173834511233 0.0
4.974999999999916 -0.0007909814649817579 0.038522412559298204 0.0
4.979999999999916 -0.0011932117058579197 0.05394982273697594 0.0
4.984999999999916 -0.0016143189847267763 0.06799145619665557 0.0
4.989999999999916 -0.0020036778841566938 0.07991571775936142 0.0
4.994999999999916 -0.0023123159051887773 0.08916234712634076 0.0
4.999999999999916 -0.002505344402559624 0.09539726075531481 0.0
5.0049999999999155 -0.002568934750816577 0.09851872584156275 0.0
5.009999999999915 -0.0025090633544969754 0.0986139409278335 0.0
5.014999999999915 -0.002344161943789199 0.0958815549945826 0.0
5.019999999999915 -0.0020967337457836054 0.09054873771198933 0.0
5.024999999999915 -0.0017884543493336487 0.08281980435500114 0.0
5.029999999999915 -0.0014393446064171341 0.07286749740116388 0.0
5.034999999999915 -0.0010695504943280133 0.060862450458825504 0.0
5.039999999999915 -0.0007012213925466849 0.04701861853744459 0.0
5.044999999999915 -0.0003596334000288217 0.03164953145752427 0.0
5.049999999999915 -7.176961213209101e-05 0.015222778937082095 0.0
5.0549999999999145 0.00013918312037633807 -0.0016243375794066223 0.0
5.059999999999914 0.0002610760718453215 -0.018115065030532788 0.0
5.064999999999914 0.0002980779607158975 -0.03340495304167958 0.0
5.069999999999914 0.00027050058212715536 -0.04668817223306831 0.0
5.074999999999914 0.00020820755697668414 -0.05730481369023199 0.0
5.079999999999914 0.0001409391824489949 -0.06481106346195326 0.0
5.084999999999914 9.035216139040875e-05 -0.06900300989885379 0.0
5.089999999999914 6.665697089752939e-05 -0.06989498236531683 0.0
5.094999999999914 6.954813655235821e-05 -0.0676586496902659 0.0
5.0999999999999135 9.108948947516721e-05 -0.0625468103276792 0.0
5.104999999999913 0.00011823527701458062 -0.05482797048425408 0.0
5.109999999999913 0.00013410962242604952 -0.04476019777088756 0.0
5.114999999999913 0.00011866667359779678 -0.0326081648685071 0.0
5.119999999999913 5.053366131724432e-05 -0.01869774325548924 0.0
5.124999999999913 -8.885118556760906e-05 -0.0034790028473330827 0.0
5.129999999999913 -0.00030879853924482717 0.012435139145237481 0.0
5.134999999999913 -0.0006023655673636399 0.02827810949744187 0.0
5.139999999999913 -0.000943218594087064 0.04320669942377314 0.0
5.1449999999999125 -0.0012889386007932534 0.056408430325709205 0.0
5.149999999999912 -0.001591506265899907 0.06721276007726523 0.0
5.154999999999912 -0.0018101907839702183 0.075166640186937 0.0
5.159999999999912 -0.0019216539213149672 0.08006034256295812 0.0
5.164999999999912 -0.0019227376794756924 0.08190502701324298 0.0
5.169999999999912 -0.0018256325140085128 0.08086583854058146 0.0
5.174999999999912 -0.001649596132670973 0.07717240187756581 0.0
5.179999999999912 -0.0014145806626197235 0.07104859833582731 0.0
5.184999999999912 -0.0011390773265037577 0.06268687654165239 0.0
5.189999999999912 -0.000841110894273605 0.052266750358657015 0.0
5.1949999999999115 -0.0005397935995197358 0.03999441531696353 0.0
5.199999999999911 -0.00025653561400904793 0.026156571228127038 0.0
5.204999999999911 -1.4626650172064814e-05 0.011180883258609579 0.0
5.209999999999911 0.00016477507472758353 -0.0043311441112104925 0.0
5.214999999999911 0.0002692186892896998 -0.019619632339821263 0.0
5.219999999999911 0.00030061488709599946 -0.03382998745621788 0.0
5.224999999999911 0.00027623952792590737 -0.04611964550672921 0.0
5.229999999999911 0.0002232162566154266 -0.0557755732023714 0.0
5.234999999999911 0.00016896184671850187 -0.06229802964588533 0.0
5.2399999999999105 0.00013263788591136045 -0.06543678349683874 0.0
5.24499999999991 0.00012129711324097293 -0.06517997850510815 0.0
5.24999999999991 0.00013090404595082127 -0.06169740077960318 0.0
5.25499999999991 0.00014984583098797514 -0.05525862045996157 0.0
5.25999999999991 0.00016201163483124266 -0.04615695242236509 0.0
5.26499999999991 0.00014828007475263665 -0.03467149190319913 0.0
5.26999999999991 8.695691324805998e-05 -0.021074189423428206 0.0
5.27499999999991 -4.4921604178217776e-05 -0.005677291825450351 0.0
5.27999999999991 -0.0002674990829975908 0.011094900056560537 0.0
5.2849999999999095 -0.000591073473750056 0.02865339351674296 0.0
5.289999999999909 -0.0010078389199781209 0.04623149976945136 0.0
5.294999999999909 -0.001486453819063646 0.06293676196935308 0.0
5.299999999999909 -0.0019747411007605803 0.07786902372002442 0.0
5.304999999999909 -0.0024105706164174487 0.09024544415931358 0.0
5.309999999999909 -0.0027375750879669305 0.09949629781863205 0.0
5.314999999999909 -0.0029193334560031455 0.10531590414584176 0.0
5.319999999999909 -0.0029458826195694703 0.10765732141615209 0.0
5.324999999999909 -0.002830134856047916 0.10667209590006944 0.0
5.329999999999909 -0.0025976958188851083 0.1026142154224308 0.0
5.3349999999999085 -0.002276927455360012 0.09574753422053975 0.0
5.339999999999908 -0.0018942514088890101 0.08629844054880255 0.0
5.344999999999908 -0.0014743943925270208 0.07446099884131051 0.0
5.349999999999908 -0.0010427677539922733 0.06043692608824307 0.0
5.354999999999908 -0.0006273466820422409 0.04448832167030815 0.0
5.359999999999908 -0.0002591703005757721 0.027001029571158578 0.0
5.364999999999908 3.076958461134992e-05 0.00853901898705976 0.0
5.369999999999908 0.00021920202720368166 -0.010150726589628097 0.0
5.374999999999908 0.0002989747355935746 -0.0281819789776058 0.0
5.3799999999999075 0.0002837431371991323 -0.0446181102220039 0.0
5.384999999999907 0.00020528230957126325 -0.05859651088563608 0.0
5.389999999999907 0.00010333994020916113 -0.06944340999245643 0.0
5.394999999999907 1.339605242134938e-05 -0.07673799242595704 0.0
5.399999999999907 -4.1877019365147404e-05 -0.08032867524361079 0.0
5.404999999999907 -5.4955180393451355e-05 -0.0802966337171895 0.0
5.409999999999907 -3.077823493477974e-05 -0.07687761020509168 0.0
5.414999999999907 1.7505887246507603e-05 -0.07037351045901914 0.0
5.419999999999907 7.160959110174276e-05 -0.06108648419307445 0.0
5.424999999999907 0.00010938762810718484 -0.04930281081455493 0.0
5.4299999999999065 0.00010559951550513935 -0.035325278229593325 0.0
5.434999999999906 3.438724064094422e-05 -0.019540412716548747 0.0
5.439999999999906 -0.00012520745118851955 -0.0024853352343931685 0.0
5.444999999999906 -0.00038116568666947095 0.015118767739730166 0.0
5.449999999999906 -0.0007205389547575678 0.03239083465886543 0.0
5.454999999999906 -0.0011072790347287538 0.048389851547409345 0.0
5.459999999999906 -0.001488389930324658 0.06224218053130628 0.0
5.464999999999906 -0.00180782781549862 0.07326013581915164 0.0
5.469999999999906 -0.002021892350907387 0.08101660086316251 0.0
5.4749999999999055 -0.0021094490748300282 0.08535880641647717 0.0
5.479999999999905 -0.002072693880119353 0.08636664389739833 0.0
5.484999999999905 -0.0019297020453238273 0.08426677285469703 0.0
5.489999999999905 -0.0017045048060984381 0.07933148973014388 0.0
5.494999999999905 -0.0014207342736135009 0.07181135986590036 0.0
5.499999999999905 -0.0011002280548736633 0.061920649388404615 0.0
5.504999999999905 -0.0007647813159701991 0.049869235188478314 0.0
5.509999999999905 -0.0004377958346461044 0.0359122063267001 0.0
5.514999999999905 -0.00014500968350402923 0.020411633233370755 0.0
5.5199999999999045 8.74104677496848e-05 0.003898257123204399 0.0
5.524999999999904 0.00023899520757759128 -0.012908967729264025 0.0
5.529999999999904 0.00030254983988113 -0.029133318463696656 0.0
5.534999999999904 0.00028916417742836785 -0.043825108311570764 0.0
5.539999999999904 0.0002265397596943656 -0.05609378324478004 0.0
5.544999999999904 0.00014965192960933487 -0.06523244480720909 0.0
5.549999999999904 8.870195024492694e-05 -0.07079116418015226 0.0
5.554999999999904 6.053959507410711e-05 -0.07260188035238185 0.0
5.559999999999904 6.660075380787756e-05 -0.07074628192604066 0.0
5.564999999999904 9.623159725433955e-05 -0.0654774368928093 0.0
5.5699999999999035 0.00013162984885520273 -0.057123296296071074 0.0
5.574999999999903 0.00015113812486508706 -0.04600950902391379 0.0
5.579999999999903 0.00013049227881786196 -0.03243860495405417 0.0
5.584999999999903 4.3222553385478657e-05 -0.01671694970065124 0.0
5.589999999999903 -0.00013718998255441757 0.0007819081787221145 0.0
5.594999999999903 -0.00043137298745985544 0.01953910610502952 0.0
5.599999999999903 -0.0008449352184263244 0.038845043351383175 0.0
5.604999999999903 -0.001358911961475705 0.057800641786920674 0.0
5.609999999999903 -0.0019258397307698463 0.07539792725799319 0.0
5.6149999999999025 -0.0024769809707140206 0.09066681696361693 0.0
5.619999999999902 -0.002938561586576435 0.10281599137609142 0.0
5.624999999999902 -0.0032507517210765254 0.11132302411811669 0.0
5.629999999999902 -0.0033819697949637613 0.11596621006955324 0.0
5.634999999999902 -0.0033324509116341807 0.11679603557764286 0.0
5.639999999999902 -0.0031264096598954943 0.1140524854165626 0.0
5.644999999999902 -0.0027985248036108716 0.10804971788088819 0.0
5.649999999999902 -0.0023834064657972656 0.09908113543995155 0.0
5.654999999999902 -0.0019123781077253045 0.08738784409773524 0.0
5.6599999999999016 -0.001415611226182466 0.07318703831874505 0.0
5.6649999999999014 -0.0009249517504345363 0.05672403853383553 0.0
5.669999999999901 -0.0004753064918550636 0.03833263169817467 0.0
5.674999999999901 -0.00010349079243398914 0.018503449524257493 0.0
5.679999999999901 0.00015767932439969998 -0.002069383747436288 0.0
5.684999999999901 0.0002894702609904371 -0.022502102276078233 0.0
5.689999999999901 0.00029597674141053403 -0.04178868302211368 0.0
5.694999999999901 0.00020622963009418163 -0.0589149189022262 0.0
5.699999999999901 6.673540586342279e-05 -0.0729982766033329 0.0
5.704999999999901 -7.308657617174057e-05 -0.08339933963669081 0.0
5.7099999999999005 -0.00017500746682084923 -0.08977330107690659 0.0
5.7149999999999 -0.00021959783778267982 -0.09206789167714133 0.0
5.7199999999999 -0.00020596923415509434 -0.09046287509080275 0.0
5.7249999999999 -0.0001465172901244778 -0.08527221188983437 0.0
5.7299999999999 -6.134194888507995e-05 -0.07684731225825955 0.0
5.7349999999999 2.483337939152137e-05 -0.06552121201226875 0.0
5.7399999999999 8.353121487129666e-05 -0.05161187316746819 0.0
5.7449999999999 8.366022498300495e-05 -0.03547607022244502 0.0
5.7499999999999 -4.553942892116538e-06 -0.01759138061193892 0.0
5.7549999999998995 -0.00020193178588456711 0.0013810845583325422 0.0
5.759999999999899 -0.000510517082066064 0.02058042437380944 0.0
5.764999999999899 -0.0009057579988318912 0.038999539875723334 0.0
5.769999999999899 -0.0013374054248338038 0.05561598849624158 0.0
5.774999999999899 -0.0017405004762402552 0.06953580970096834 0.0
5.779999999999899 -0.002053343097253741 0.08010899247225033 0.0
5.784999999999899 -0.0022343421048402617 0.08699070914987489 0.0
5.789999999999899 -0.0022701405516910023 0.09013274673372779 0.0
5.794999999999899 -0.0021722827860710886 0.08971371452615785 0.0
5.799999999999899 -0.0019662637235739458 0.0860289753525438 0.0
5.8049999999998985 -0.0016808367593021108 0.07938655546640279 0.0
5.809999999999898 -0.001343052972706717 0.07005599443453106 0.0
5.814999999999898 -0.0009785441076352308 0.058277530926381146 0.0
5.819999999999898 -0.0006135048440623594 0.044305907957293576 0.0
5.824999999999898 -0.0002760777710944935 0.028470422909596095 0.0
5.829999999999898 4.1015220529179e-06 0.011246150343281358 0.0
5.834999999999898 0.00020048413700095305 -0.006694383969137797 0.0
5.839999999999898 0.0002979391478020723 -0.024483558798578033 0.0
5.844999999999898 0.00030046201165114824 -0.04111798371590756 0.0
5.8499999999998975 0.0002332569396964457 -0.05557840461662273 0.0
5.854999999999897 0.0001358490780280206 -0.06697876855426077 0.0
5.859999999999897 4.840526121137705e-05 -0.0746837399106569 0.0
5.864999999999897 -1.4244484460005782e-06 -0.07836336874584383 0.0
5.869999999999897 -4.845024905790715e-06 -0.07798785236000624 0.0
5.874999999999897 2.970150033770405e-05 -0.07376496187621649 0.0
5.879999999999897 8.265547119582854e-05 -0.06603846649123686 0.0
5.884999999999897 0.00012904241240010273 -0.05518488535019306 0.0
5.889999999999897 0.00014121478225295766 -0.04155313767529346 0.0
5.8949999999998965 8.946919563228753e-05 -0.025471368387154247 0.0
5.899999999999896 -5.720334585132041e-05 -0.00729867222485897 0.0
5.904999999999896 -0.0003269073924542614 0.012494416432485065 0.0
5.909999999999896 -0.0007357929153704168 0.033249265158227376 0.0
5.914999999999896 -0.0012766428315138952 0.05409122675073257 0.0
5.919999999999896 -0.0019098038668965275 0.07396586466285474 0.0
5.924999999999896 -0.0025645426581618145 0.09176704543352202 0.0
5.929999999999896 -0.0031536593733273977 0.10650761556929182 0.0
5.934999999999896 -0.003595993899515801 0.11745930863546819 0.0
5.939999999999896 -0.0038372816950276232 0.12422287970046253 0.0
5.9449999999998955 -0.0038610799211551863 0.12672634063037289 0.0
5.949999999999895 -0.0036857159236908057 0.12516180212452388 0.0
5.954999999999895 -0.0033501952888157693 0.11986989947696315 0.0
5.959999999999895 -0.002898285118262832 0.11121018248515672 0.0
5.964999999999895 -0.002370148833720346 0.09948658288211283 0.0
5.969999999999895 -0.001802419257632353 0.08494934373080837 0.0
5.974999999999895 -0.0012320523170779535 0.067848454671632 0.0
5.979999999999895 -0.0006986736303023182 0.04849553832105017 0.0
5.984999999999895 -0.0002446332593772023 0.02733307003894345 0.0
5.9899999999998945 8.933611464246214e-05 0.005001792474404708 0.0
5.994999999999894 0.00027403400910060226 -0.0176363047635162 0.0
5.999999999999894 0.00030358918315239207 -0.03954187047504331 0.0
6.004999999999894 0.00020212646277607588 -0.05959543593625429 0.0
6.009999999999894 2.016774639610712e-05 -0.07674019535902671 0.0
6.014999999999894 -0.00017988904685688624 -0.09013032795445795 0.0
6.019999999999894 -0.00034259369523677525 -0.0992283282377688 0.0
6.024999999999894 -0.00043335264061053556 -0.103833347816612 0.0
6.029999999999894 -0.00044236204624011863 -0.10404236988985475 0.0
6.034999999999894 -0.0003798139217274554 -0.10015768311748471 0.0
6.0399999999998935 -0.00026794528376721297 -0.09257230535391478 0.0
6.044999999999893 -0.00013515727399557122 -0.0816748474253664 0.0
6.049999999999893 -1.378329394619161e-05 -0.06782213244323226 0.0
6.054999999999893 6.0427981156211774e-05 -0.05137523983310764 0.0
6.059999999999893 5.060403460577735e-05 -0.03277749194152801 0.0
6.064999999999893 -7.481304337369414e-05 -0.012641257376892884 0.0
6.069999999999893 -0.0003317081695538656 0.008208062582085052 0.0
6.074999999999893 -0.0007090729825658897 0.028744055368443294 0.0
6.079999999999893 -0.001163720574344118 0.04783730737897685 0.0
6.0849999999998925 -0.0016274251526418356 0.06442003501193802 0.0
6.089999999999892 -0.0020250515770271964 0.07764477616068764 0.0
6.094999999999892 -0.0022957001691185945 0.08697903829182767 0.0
6.099999999999892 -0.002407804953170609 0.09222725964286405 0.0
6.104999999999892 -0.002362017811956666 0.09348802936257665 0.0
6.109999999999892 -0.002182146446346425 0.09105427016118259 0.0
6.114999999999892 -0.0019012273374403171 0.0852846327221315 0.0
6.119999999999892 -0.001551882608399278 0.07651047930458435 0.0
6.124999999999892 -0.0011640503089456779 0.06501457296088146 0.0
6.1299999999998915 -0.0007672919982073305 0.05107184863360642 0.0
6.134999999999891 -0.0003925869545864656 0.0350083213055056 0.0
6.139999999999891 -7.245471602004903e-05 0.017269835792805537 0.0
6.144999999999891 0.00016225006684208066 -0.0015080327993445052 0.0
6.149999999999891 0.0002902889910715659 -0.02047438760151915 0.0
6.154999999999891 0.0003092559758256427 -0.03859608964122722 0.0
6.159999999999891 0.00024091206407979364 -0.054760779649597774 0.0
6.164999999999891 0.0001272159376956777 -0.06794063407184026 0.0
6.169999999999891 1.626216095655304e-05 -0.07734172934040708 0.0
6.174999999999891 -5.438353652737361e-05 -0.08248692989486135 0.0
6.1799999999998905 -6.837685494113333e-05 -0.08323985669833436 0.0
6.18499999999989 -3.1506505392971504e-05 -0.07975899655436776 0.0
6.18999999999989 3.4844408299138986e-05 -0.07239548754739826 0.0
6.19499999999989 0.000101723519039293 -0.06156951981601796 0.0
6.19999999999989 0.00013734956578282626 -0.04768052853224314 0.0
6.20499999999989 0.000108359048855165 -0.031091530030192868 0.0
6.20999999999989 -2.0013078315085417e-05 -0.012170646224394819 0.0
6.21499999999989 -0.000281142126842381 0.008631254005728253 0.0
6.21999999999989 -0.0006988373986735623 0.030690234403475767 0.0
6.2249999999998895 -0.0012746880195336828 0.05315435973775394 0.0
6.229999999999889 -0.0019758528877841268 0.07495049867234324 0.0
6.234999999999889 -0.002730911854065265 0.09487927681173601 0.0
6.239999999999889 -0.0034419049820514787 0.11179851538823105 0.0
6.244999999999889 -0.004008280784292884 0.12479780818846158 0.0
6.249999999999889 -0.004353614469814226 0.13330797000554806 0.0
6.254999999999889 -0.00444420636727417 0.1371370463282649 0.0
6.259999999999889 -0.004291159766870776 0.13642313695603264 0.0
6.264999999999889 -0.0039369240600940205 0.1315202182166292 0.0
6.2699999999998886 -0.0034352724652261307 0.12284928825002732 0.0
6.2749999999998884 -0.0028371855868703777 0.11078432104884643 0.0
6.279999999999888 -0.002187819055487004 0.09562472761031762 0.0
6.284999999999888 -0.0015303034982048509 0.07763936780164943 0.0
6.289999999999888 -0.0009095899749594476 0.057133019509959186 0.0
6.294999999999888 -0.00037376248079858506 0.03452131853284963 0.0
6.299999999999888 2.9172309843410336e-05 0.01040928142165147 0.0
6.304999999999888 0.00026089772458294264 -0.014358994382220705 0.0
6.309999999999888 0.00030669810332093964 -0.03872163153410462 0.0
6.314999999999888 0.0001860665808007767 -0.06148396907866309 0.0
6.3199999999998875 -4.724980800678074e-05 -0.08145290444421617 0.0
6.324999999999887 -0.0003186084703529611 -0.09760501715978571 0.0
6.329999999999887 -0.0005547569618221916 -0.10922433243485442 0.0
6.334999999999887 -0.0007039087799861916 -0.11596249945137127 0.0
6.339999999999887 -0.0007450323042140544 -0.1178272807825837 0.0
6.344999999999887 -0.0006849208720516323 -0.11509817230825446 0.0
6.349999999999887 -0.0005482581317382716 -0.10819902247629376 0.0
6.354999999999887 -0.00036837710443272167 -0.097578657898193 0.0
6.359999999999887 -0.0001827727908377171 -0.08364883050124296 0.0
6.3649999999998865 -3.233390226032248e-05 -0.06679870817696548 0.0
6.369999999999886 3.970349873712392e-05 -0.04746624446857323 0.0
6.374999999999886 -7.172479135696838e-06 -0.026235591397013498 0.0
6.379999999999886 -0.00020042412461783929 -0.003909423717548223 0.0
6.384999999999886 -0.0005415593182131924 0.018479859078411785 0.0
6.389999999999886 -0.0009964046022716084 0.03973873251450517 0.0
6.394999999999886 -0.0014975149227834026 0.05867268971531036 0.0
6.399999999999886 -0.0019602555986401667 0.0742642644365341 0.0
6.404999999999886 -0.002307004033923431 0.08580557700077306 0.0
6.409999999999886 -0.002488681748108375 0.09296175592949332 0.0
6.4149999999998855 -0.0024936311044111 0.09574964831941833 0.0
6.419999999999885 -0.002341382834328953 0.09444326752939804 0.0
6.424999999999885 -0.002067368336240872 0.08943485710868893 0.0
6.429999999999885 -0.0017094442479534569 0.08111357827351956 0.0
6.434999999999885 -0.001302617356159967 0.06981632506237988 0.0
6.439999999999885 -0.0008802886399014473 0.055853613801383685 0.0
6.444999999999885 -0.0004764295971221471 0.03956693744367087 0.0
6.449999999999885 -0.00012628565724263853 0.0214002553679777 0.0
6.454999999999885 0.00013608072496341868 0.0019784622025139555 0.0
6.4599999999998845 0.00028531025726438806 -0.017847248869621673 0.0
6.464999999999884 0.00031505011976675477 -0.037018151109843085 0.0
6.469999999999884 0.0002450230987431555 -0.05435514507524843 0.0
6.474999999999884 0.0001189921846677008 -0.06872193661723879 0.0
6.479999999999884 -8.957092078595255e-06 -0.07920117931587609 0.0
6.484999999999884 -9.359967789143367e-05 -0.08520844059511244 0.0
6.489999999999884 -0.00011295774644753177 -0.08653110238385849 0.0
6.494999999999884 -7.148322362293436e-05 -0.08328992633622308 0.0
6.499999999999884 6.723604355576573e-06 -0.07584117897018781 0.0
6.5049999999998835 8.792391712125671e-05 -0.06464414010406229 0.0
6.509999999999883 0.00013547408853652025 -0.050149120150912135 0.0
6.514999999999883 0.00011184134236622213 -0.032758155278095696 0.0
6.519999999999883 -2.13808875373598e-05 -0.012861493274387658 0.0
6.524999999999883 -0.0003014840600114134 0.009084183981934009 0.0
6.529999999999883 -0.0007570125255723785 0.032461315293588526 0.0
6.534999999999883 -0.0013942288126123515 0.05641661536388919 0.0
6.539999999999883 -0.002182684332559126 0.07985209878889384 0.0
6.544999999999883 -0.003047522100731354 0.10149650429306266 0.0
6.549999999999883 -0.0038786129385165484 0.12008023592874818 0.0
6.5549999999998825 -0.00455691754170704 0.13454568211746534 0.0
6.559999999999882 -0.0049867765173251515 0.14419715725609228 0.0
6.564999999999882 -0.005120386497466635 0.14875673549288937 0.0
6.569999999999882 -0.004964046089291414 0.14832639246297868 0.0
6.574999999999882 -0.004565269093849732 0.14327723950022653 0.0
6.579999999999882 -0.003989289282691673 0.13408911627368741 0.0
6.584999999999882 -0.003299386528778843 0.12120380725047845 0.0
6.589999999999882 -0.002550620103408361 0.10497057101832041 0.0
6.594999999999882 -0.001793576753711782 0.08568248076977758 0.0
6.5999999999998815 -0.001079879260026021 0.06365214557330334 0.0
6.604999999999881 -0.0004643416689035867 0.03929150982562046 0.0
6.609999999999881 -2.1647174354596154e-06 0.013193766549011696 0.0
6.614999999999881 0.00026074018467221234 -0.013801650092586238 0.0
6.619999999999881 0.00030309162066232906 -0.04060650880131344 0.0
6.624999999999881 0.000142142324724198 -0.06595850697094857 0.0
6.629999999999881 -0.0001630858562086 -0.08855120727909568 0.0
6.634999999999881 -0.0005241647698497676 -0.10720919450992301 0.0
6.639999999999881 -0.000848723152167179 -0.12106194773953739 0.0
6.644999999999881 -0.001066726062680074 -0.12963883562603884 0.0
6.6499999999998805 -0.0011453039916742953 -0.13287292524158992 0.0
6.65499999999988 -0.0010877998054212006 -0.13102392094729728 0.0
6.65999999999988 -0.0009221590535299353 -0.12454779842730414 0.0
6.66499999999988 -0.0006881600087039888 -0.11395520864545595 0.0
6.66999999999988 -0.0004301073225678431 -0.09971596298767117 0.0
6.67499999999988 -0.0001952911701106172 -0.08225739749076379 0.0
6.67999999999988 -3.3700562355240004e-05 -0.06203291047318284 0.0
6.68499999999988 5.9215032280780814e-06 -0.03962411371265153 0.0
6.68999999999988 -0.00011410119513564515 -0.015830458874923407 0.0
6.6949999999998795 -0.0004062370995628871 0.008303630947996195 0.0
6.699999999999879 -0.000844733902604838 0.03153216652466652 0.0
6.704999999999879 -0.0013633862710687205 0.05255120836234021 0.0
6.709999999999879 -0.0018703067193762137 0.0702024027947089 0.0
6.714999999999879 -0.0022744773635007148 0.08364298176659499 0.0
6.719999999999879 -0.0025117544468402234 0.0924281726990026 0.0
6.724999999999879 -0.0025587586234570156 0.09650316852869908 0.0
6.729999999999879 -0.0024300070650055306 0.09612164706323312 0.0
6.734999999999879 -0.002162385316010766 0.09170529008329684 0.0
6.7399999999998785 -0.0017983790477188284 0.08369901623441024 0.0
6.744999999999878 -0.0013776796941329698 0.0724946543254852 0.0
6.749999999999878 -0.0009373606067874469 0.058444398404013345 0.0
6.754999999999878 -0.0005144136953685505 0.041920624821025466 0.0
6.759999999999878 -0.00014665062382923237 0.023390203841713232 0.0
6.764999999999878 0.0001296931209882234 0.003495128686576918 0.0
6.769999999999878 0.00028737658664234407 -0.016891392391268342 0.0
6.774999999999878 0.0003188792918468065 -0.03667204150597038 0.0
6.779999999999878 0.0002443206059680104 -0.05460589437201335 0.0
6.784999999999878 0.00011018227201290607 -0.0694757814159001 0.0
6.7899999999998775 -2.484974974552928e-05 -0.08028441972269221 0.0
6.794999999999877 -0.0001112312467501692 -0.08638763031474783 0.0
6.799999999999877 -0.00012535054278257945 -0.08754125804492444 0.0
6.804999999999877 -7.363679345858245e-05 -0.08386485112627819 0.0
6.809999999999877 1.5097898591778257e-05 -0.07574064572686182 0.0
6.814999999999877 0.00010155847416015437 -0.06367027200530467 0.0
6.819999999999877 0.0001440950894013749 -0.04814692805061067 0.0
6.824999999999877 0.00010100817401477157 -0.029605143166974445 0.0
6.829999999999877 -6.953681672758422e-05 -0.008460314200351968 0.0
6.8349999999998765 -0.00040760925995107967 0.014807597871238537 0.0
6.839999999999876 -0.0009435424243357667 0.03955688800880039 0.0
6.844999999999876 -0.0016833176504257724 0.0649029308533453 0.0
6.849999999999876 -0.002592102271159538 0.08969801600789032 0.0
6.854999999999876 -0.003584818527637063 0.11259453477231456 0.0
6.859999999999876 -0.0045349626114391875 0.1322193262332565 0.0
6.864999999999876 -0.005304724827295156 0.1474100016167372 0.0
6.869999999999876 -0.005783006958114741 0.15739541311191532 0.0
6.874999999999876 -0.005914417826744006 0.16186238541730533 0.0
6.8799999999998755 -0.005707560967085292 0.16092057948922261 0.0
6.884999999999875 -0.0052205706488533295 0.1549857353859414 0.0
6.889999999999875 -0.004533037506593565 0.14460160155139085 0.0
6.894999999999875 -0.003721680856521572 0.13027064300912453 0.0
6.899999999999875 -0.0028521405354213266 0.11238521108011312 0.0
6.904999999999875 -0.0019831929602800386 0.09126094077400199 0.0
6.909999999999875 -0.0011739875548598762 0.06722290073331455 0.0
6.914999999999875 -0.00048706169678818087 0.040693749094041644 0.0
6.919999999999875 1.4789017869585548e-05 0.012279389873418534 0.0
6.924999999999875 0.00027923900528871757 -0.01715733855909766 0.0
6.9299999999998745 0.00028177069748331544 -0.04648187550901871 0.0
6.934999999999874 4.229121066472632e-05 -0.07435837720644191 0.0
6.939999999999874 -0.00036979101040651464 -0.09938119075206062 0.0
6.944999999999874 -0.0008484797235626334 -0.12025497077568635 0.0
6.949999999999874 -0.0012802622978943844 -0.1359866383727238 0.0
6.954999999999874 -0.0015763665421626163 -0.14601135431469756 0.0
6.959999999999874 -0.001692778845617553 -0.150215517965936 0.0
6.964999999999874 -0.001630995613090443 -0.14886058915101724 0.0
6.969999999999874 -0.0014242753021673081 -0.14244261364194644 0.0
6.9749999999998735 -0.0011209676582161093 -0.13153301540769127 0.0
6.979999999999873 -0.0007741616034953533 -0.11666210135017309 0.0
6.984999999999873 -0.0004391899245044289 -0.09830452725979513 0.0
6.989999999999873 -0.0001738921729327725 -0.07694488844651366 0.0
6.994999999999873 -3.545027972997584e-05 -0.05318567065428633 0.0
6.999999999999873 -7.072193288828523e-05 -0.027847387607400097 0.0
7.004999999999873 -0.00030095728511578073 -0.0020084523811741257 0.0
7.009999999999873 -0.0007066682361871848 0.023029187981475827 0.0
7.014999999999873 -0.0012224915544409647 0.045875726410169626 0.0
7.019999999999873 -0.0017507451449095164 0.0652685126099947 0.0
7.0249999999998725 -0.0021896225770777467 0.08026596488193757 0.0
7.029999999999872 -0.0024628983398433603 0.09034550778293118 0.0
7.034999999999872 -0.0025380149674419676 0.09540888012312722 0.0
7.039999999999872 -0.0024255718094380384 0.09570681503823045 0.0
7.044999999999872 -0.0021632652484589172 0.09169154092304882 0.0
7.049999999999872 -0.0017969038271361574 0.08385702617950784 0.0
7.054999999999872 -0.0013699074014302138 0.07264730165683857 0.0
7.059999999999872 -0.0009225923061056039 0.058462902224356274 0.0
7.064999999999872 -0.0004945762044731377 0.04172125414598454 0.0
7.0699999999998715 -0.0001255515157429822 0.022933948143173965 0.0
7.074999999999871 0.00014744495745481803 0.0027901143822692425 0.0
7.079999999999871 0.00029782695258240147 -0.01778474844483175 0.0
7.084999999999871 0.0003203906968533963 -0.03763439199871537 0.0
7.089999999999871 0.0002389393454243194 -0.055455445373743265 0.0
7.094999999999871 0.00010395621165739188 -0.06997993875619832 0.0
7.099999999999871 -2.340397363703143e-05 -0.08018595266387188 0.0
7.104999999999871 -9.435675563182679e-05 -0.08543420119264732 0.0
7.109999999999871 -8.96883463348749e-05 -0.08550945845977567 0.0
7.1149999999998705 -2.2655619554549834e-05 -0.08057512365751072 0.0
7.11999999999987 7.074440661551127e-05 -0.0710627115877936 0.0
7.12499999999987 0.00014513831484152097 -0.05751652694634034 0.0
7.12999999999987 0.00015416856847313672 -0.04045930459101969 0.0
7.13499999999987 5.2484765554740214e-05 -0.020349121872831975 0.0
7.13999999999987 -0.00020440091842509317 0.002369384175659596 0.0
7.14499999999987 -0.0006575148958200189 0.02717454153372135 0.0
7.14999999999987 -0.0013349875448628575 0.05336895777814991 0.0
7.15499999999987 -0.0022354476987350718 0.07999723229837172 0.0
7.15999999999987 -0.003309933588803356 0.10582549912261474 0.0
7.1649999999998695 -0.004452943127685807 0.12941243351914128 0.0
7.169999999999869 -0.005514974691583487 0.1492999377727181 0.0
7.174999999999869 -0.006339176346916192 0.16427211998506355 0.0
7.179999999999869 -0.00680549562731616 0.1735512135258808 0.0
7.184999999999869 -0.006862314977052744 0.17686336124643687 0.0
7.189999999999869 -0.006532689186773993 0.17439096455348876 0.0
7.194999999999869 -0.00589422818039657 0.16663522504341247 0.0
7.199999999999869 -0.005044722524348156 0.15421326892579318 0.0
7.204999999999869 -0.0040745918697057985 0.13767404672181746 0.0
7.2099999999998685 -0.003059413164404051 0.11743273414560752 0.0
7.214999999999868 -0.0020664886600358086 0.09381817876750764 0.0
7.219999999999868 -0.0011637188262583382 0.06717156637099218 0.0
7.224999999999868 -0.000422608601828152 0.03793999413958188 0.0
7.229999999999868 8.61109925526887e-05 0.006766589083668649 0.0
7.234999999999868 0.0003054270387836294 -0.025430419042268736 0.0
7.239999999999868 0.0002123555253959037 -0.057442425747935955 0.0
7.244999999999868 -0.00016324968895595028 -0.08784336885864834 0.0
7.249999999999868 -0.0007334683287695227 -0.11513111564329073 0.0
7.2549999999998676 -0.001368146909602573 -0.13791413892857834 0.0
7.2599999999998674 -0.0019293967957149467 -0.15511676317858372 0.0
7.264999999999867 -0.002310161266842269 -0.1661266266510892 0.0
7.269999999999867 -0.0024581762017640034 -0.1708240790292714 0.0
7.274999999999867 -0.0023766137376903074 -0.16950173291102028 0.0
7.279999999999867 -0.0021071775879060923 -0.16270949762265244 0.0
7.284999999999867 -0.001709403408959268 -0.15107920726655194 0.0
7.289999999999867 -0.0012474402015671907 -0.13519872027719176 0.0
7.294999999999867 -0.0007866562255290772 -0.1155930786216847 0.0
7.299999999999867 -0.00039434941815587733 -0.09279014395041436 0.0
7.3049999999998665 -0.0001370991044481142 -0.06743414804121395 0.0
7.309999999999866 -7.07011917113767e-05 -0.04039400025055796 0.0
7.314999999999866 -0.00022344202799740633 -0.01280951390527544 0.0
7.319999999999866 -0.0005792767286028595 0.013944461866879337 0.0
7.324999999999866 -0.0010715326504008654 0.03840022967464024 0.0
7.329999999999866 -0.001596712612216337 0.05922342967675538 0.0
7.334999999999866 -0.002044424002219669 0.0754161420196854 0.0
7.339999999999866 -0.00233012352948452 0.08642310037501551 0.0
7.344999999999866 -0.002415983995661056 0.09214423304402398 0.0
7.3499999999998655 -0.0023109698861434502 0.09285580829564358 0.0
7.354999999999865 -0.002053532171084507 0.0890507995501156 0.0
7.359999999999865 -0.0016911835223969573 0.08126834207876273 0.0
7.364999999999865 -0.0012692792368055254 0.06999869569125249 0.0
7.369999999999865 -0.0008301848326603145 0.05569417312372305 0.0
7.374999999999865 -0.00041518166355018505 0.03883128642732775 0.0
7.379999999999865 -6.458697095701574e-05 0.019989552462947497 0.0
7.384999999999865 0.00018582015030160754 -6.341101305593397e-05 0.0
7.389999999999865 0.00031333315593317767 -0.020320314966198978 0.0
7.394999999999865 0.0003187774012198441 -0.03954484740761596 0.0
7.3999999999998645 0.00023259370454092372 -0.05637529431332677 0.0
7.404999999999864 0.00010940411333866933 -0.06953631207642244 0.0
7.409999999999864 8.737497549074682e-06 -0.07805039825159517 0.0
7.414999999999864 -2.859313877942238e-05 -0.08135554424049105 0.0
7.419999999999864 4.735301892774578e-06 -0.07932986744049912 0.0
7.424999999999864 8.345763462473567e-05 -0.07222822799653053 0.0
7.429999999999864 0.00016248712827099035 -0.060552038437085495 0.0
7.434999999999864 0.00019077749354343 -0.04488275977031544 0.0
