/*--------------------------------*- C++ -*----------------------------------*\
  =========                 |
  \\      /  F ield         | OpenFOAM: The Open Source CFD Toolbox
   \\    /   O peration     | Website:  https://openfoam.org
    \\  /    A nd           | Version:  7
     \\/     M anipulation  |
\*---------------------------------------------------------------------------*/
FoamFile
{
    version     2.0;
    format      ascii;
    class       faceList;
    location    "constant/polyMesh";
    object      faces;
}
// * * * * * * * * * * * * * * * * * * * * * * * * * * * * * * * * * * * * * //


2450
(
4(1 32 683 652)
4(31 682 683 32)
4(2 33 684 653)
4(32 683 684 33)
4(3 34 685 654)
4(33 684 685 34)
4(4 35 686 655)
4(34 685 686 35)
4(5 36 687 656)
4(35 686 687 36)
4(6 37 688 657)
4(36 687 688 37)
4(7 38 689 658)
4(37 688 689 38)
4(8 39 690 659)
4(38 689 690 39)
4(9 40 691 660)
4(39 690 691 40)
4(10 41 692 661)
4(40 691 692 41)
4(11 42 693 662)
4(41 692 693 42)
4(12 43 694 663)
4(42 693 694 43)
4(13 44 695 664)
4(43 694 695 44)
4(14 45 696 665)
4(44 695 696 45)
4(15 46 697 666)
4(45 696 697 46)
4(16 47 698 667)
4(46 697 698 47)
4(17 48 699 668)
4(47 698 699 48)
4(18 49 700 669)
4(48 699 700 49)
4(19 50 701 670)
4(49 700 701 50)
4(20 51 702 671)
4(50 701 702 51)
4(21 52 703 672)
4(51 702 703 52)
4(22 53 704 673)
4(52 703 704 53)
4(23 54 705 674)
4(53 704 705 54)
4(24 55 706 675)
4(54 705 706 55)
4(25 56 707 676)
4(55 706 707 56)
4(26 57 708 677)
4(56 707 708 57)
4(27 58 709 678)
4(57 708 709 58)
4(28 59 710 679)
4(58 709 710 59)
4(29 60 711 680)
4(59 710 711 60)
4(60 711 712 61)
4(32 63 714 683)
4(62 713 714 63)
4(33 64 715 684)
4(63 714 715 64)
4(34 65 716 685)
4(64 715 716 65)
4(35 66 717 686)
4(65 716 717 66)
4(36 67 718 687)
4(66 717 718 67)
4(37 68 719 688)
4(67 718 719 68)
4(38 69 720 689)
4(68 719 720 69)
4(39 70 721 690)
4(69 720 721 70)
4(40 71 722 691)
4(70 721 722 71)
4(41 72 723 692)
4(71 722 723 72)
4(42 73 724 693)
4(72 723 724 73)
4(43 74 725 694)
4(73 724 725 74)
4(44 75 726 695)
4(74 725 726 75)
4(45 76 727 696)
4(75 726 727 76)
4(46 77 728 697)
4(76 727 728 77)
4(47 78 729 698)
4(77 728 729 78)
4(48 79 730 699)
4(78 729 730 79)
4(49 80 731 700)
4(79 730 731 80)
4(50 81 732 701)
4(80 731 732 81)
4(51 82 733 702)
4(81 732 733 82)
4(52 83 734 703)
4(82 733 734 83)
4(53 84 735 704)
4(83 734 735 84)
4(54 85 736 705)
4(84 735 736 85)
4(55 86 737 706)
4(85 736 737 86)
4(56 87 738 707)
4(86 737 738 87)
4(57 88 739 708)
4(87 738 739 88)
4(58 89 740 709)
4(88 739 740 89)
4(59 90 741 710)
4(89 740 741 90)
4(60 91 742 711)
4(90 741 742 91)
4(91 742 743 92)
4(63 94 745 714)
4(93 744 745 94)
4(64 95 746 715)
4(94 745 746 95)
4(65 96 747 716)
4(95 746 747 96)
4(66 97 748 717)
4(96 747 748 97)
4(67 98 749 718)
4(97 748 749 98)
4(68 99 750 719)
4(98 749 750 99)
4(69 100 751 720)
4(99 750 751 100)
4(70 101 752 721)
4(100 751 752 101)
4(71 102 753 722)
4(101 752 753 102)
4(72 103 754 723)
4(102 753 754 103)
4(73 104 755 724)
4(103 754 755 104)
4(74 105 756 725)
4(104 755 756 105)
4(75 106 757 726)
4(105 756 757 106)
4(76 107 758 727)
4(106 757 758 107)
4(77 108 759 728)
4(107 758 759 108)
4(78 109 760 729)
4(108 759 760 109)
4(79 110 761 730)
4(109 760 761 110)
4(80 111 762 731)
4(110 761 762 111)
4(81 112 763 732)
4(111 762 763 112)
4(82 113 764 733)
4(112 763 764 113)
4(83 114 765 734)
4(113 764 765 114)
4(84 115 766 735)
4(114 765 766 115)
4(85 116 767 736)
4(115 766 767 116)
4(86 117 768 737)
4(116 767 768 117)
4(87 118 769 738)
4(117 768 769 118)
4(88 119 770 739)
4(118 769 770 119)
4(89 120 771 740)
4(119 770 771 120)
4(90 121 772 741)
4(120 771 772 121)
4(91 122 773 742)
4(121 772 773 122)
4(122 773 774 123)
4(94 125 776 745)
4(124 775 776 125)
4(95 126 777 746)
4(125 776 777 126)
4(96 127 778 747)
4(126 777 778 127)
4(97 128 779 748)
4(127 778 779 128)
4(98 129 780 749)
4(128 779 780 129)
4(99 130 781 750)
4(129 780 781 130)
4(100 131 782 751)
4(130 781 782 131)
4(101 132 783 752)
4(131 782 783 132)
4(102 133 784 753)
4(132 783 784 133)
4(103 134 785 754)
4(133 784 785 134)
4(104 135 786 755)
4(134 785 786 135)
4(105 136 787 756)
4(135 786 787 136)
4(106 137 788 757)
4(136 787 788 137)
4(107 138 789 758)
4(137 788 789 138)
4(108 139 790 759)
4(138 789 790 139)
4(109 140 791 760)
4(139 790 791 140)
4(110 141 792 761)
4(140 791 792 141)
4(111 142 793 762)
4(141 792 793 142)
4(112 143 794 763)
4(142 793 794 143)
4(113 144 795 764)
4(143 794 795 144)
4(114 145 796 765)
4(144 795 796 145)
4(115 146 797 766)
4(145 796 797 146)
4(116 147 798 767)
4(146 797 798 147)
4(117 148 799 768)
4(147 798 799 148)
4(118 149 800 769)
4(148 799 800 149)
4(119 150 801 770)
4(149 800 801 150)
4(120 151 802 771)
4(150 801 802 151)
4(121 152 803 772)
4(151 802 803 152)
4(122 153 804 773)
4(152 803 804 153)
4(153 804 805 154)
4(125 156 807 776)
4(155 806 807 156)
4(126 157 808 777)
4(156 807 808 157)
4(127 158 809 778)
4(157 808 809 158)
4(128 159 810 779)
4(158 809 810 159)
4(129 160 811 780)
4(159 810 811 160)
4(130 161 812 781)
4(160 811 812 161)
4(131 162 813 782)
4(161 812 813 162)
4(132 163 814 783)
4(162 813 814 163)
4(133 164 815 784)
4(163 814 815 164)
4(134 165 816 785)
4(164 815 816 165)
4(135 166 817 786)
4(165 816 817 166)
4(136 167 818 787)
4(166 817 818 167)
4(137 168 819 788)
4(167 818 819 168)
4(138 169 820 789)
4(168 819 820 169)
4(139 170 821 790)
4(169 820 821 170)
4(140 171 822 791)
4(170 821 822 171)
4(141 172 823 792)
4(171 822 823 172)
4(142 173 824 793)
4(172 823 824 173)
4(143 174 825 794)
4(173 824 825 174)
4(144 175 826 795)
4(174 825 826 175)
4(145 176 827 796)
4(175 826 827 176)
4(146 177 828 797)
4(176 827 828 177)
4(147 178 829 798)
4(177 828 829 178)
4(148 179 830 799)
4(178 829 830 179)
4(149 180 831 800)
4(179 830 831 180)
4(150 181 832 801)
4(180 831 832 181)
4(151 182 833 802)
4(181 832 833 182)
4(152 183 834 803)
4(182 833 834 183)
4(153 184 835 804)
4(183 834 835 184)
4(184 835 836 185)
4(156 187 838 807)
4(186 837 838 187)
4(157 188 839 808)
4(187 838 839 188)
4(158 189 840 809)
4(188 839 840 189)
4(159 190 841 810)
4(189 840 841 190)
4(160 191 842 811)
4(190 841 842 191)
4(161 192 843 812)
4(191 842 843 192)
4(162 193 844 813)
4(192 843 844 193)
4(163 194 845 814)
4(193 844 845 194)
4(164 195 846 815)
4(194 845 846 195)
4(165 196 847 816)
4(195 846 847 196)
4(166 197 848 817)
4(196 847 848 197)
4(167 198 849 818)
4(197 848 849 198)
4(168 199 850 819)
4(198 849 850 199)
4(169 200 851 820)
4(199 850 851 200)
4(170 201 852 821)
4(200 851 852 201)
4(171 202 853 822)
4(201 852 853 202)
4(172 203 854 823)
4(202 853 854 203)
4(173 204 855 824)
4(203 854 855 204)
4(174 205 856 825)
4(204 855 856 205)
4(175 206 857 826)
4(205 856 857 206)
4(176 207 858 827)
4(206 857 858 207)
4(177 208 859 828)
4(207 858 859 208)
4(178 209 860 829)
4(208 859 860 209)
4(179 210 861 830)
4(209 860 861 210)
4(180 211 862 831)
4(210 861 862 211)
4(181 212 863 832)
4(211 862 863 212)
4(182 213 864 833)
4(212 863 864 213)
4(183 214 865 834)
4(213 864 865 214)
4(184 215 866 835)
4(214 865 866 215)
4(215 866 867 216)
4(187 218 869 838)
4(217 868 869 218)
4(188 219 870 839)
4(218 869 870 219)
4(189 220 871 840)
4(219 870 871 220)
4(190 221 872 841)
4(220 871 872 221)
4(191 222 873 842)
4(221 872 873 222)
4(192 223 874 843)
4(222 873 874 223)
4(193 224 875 844)
4(223 874 875 224)
4(194 225 876 845)
4(224 875 876 225)
4(195 226 877 846)
4(225 876 877 226)
4(196 227 878 847)
4(226 877 878 227)
4(197 228 879 848)
4(227 878 879 228)
4(198 229 880 849)
4(228 879 880 229)
4(199 230 881 850)
4(229 880 881 230)
4(200 231 882 851)
4(230 881 882 231)
4(201 232 883 852)
4(231 882 883 232)
4(202 233 884 853)
4(232 883 884 233)
4(203 234 885 854)
4(233 884 885 234)
4(204 235 886 855)
4(234 885 886 235)
4(205 236 887 856)
4(235 886 887 236)
4(206 237 888 857)
4(236 887 888 237)
4(207 238 889 858)
4(237 888 889 238)
4(208 239 890 859)
4(238 889 890 239)
4(209 240 891 860)
4(239 890 891 240)
4(210 241 892 861)
4(240 891 892 241)
4(211 242 893 862)
4(241 892 893 242)
4(212 243 894 863)
4(242 893 894 243)
4(213 244 895 864)
4(243 894 895 244)
4(214 245 896 865)
4(244 895 896 245)
4(215 246 897 866)
4(245 896 897 246)
4(246 897 898 247)
4(218 249 900 869)
4(248 899 900 249)
4(219 250 901 870)
4(249 900 901 250)
4(220 251 902 871)
4(250 901 902 251)
4(221 252 903 872)
4(251 902 903 252)
4(222 253 904 873)
4(252 903 904 253)
4(223 254 905 874)
4(253 904 905 254)
4(224 255 906 875)
4(254 905 906 255)
4(225 256 907 876)
4(255 906 907 256)
4(226 257 908 877)
4(256 907 908 257)
4(227 258 909 878)
4(257 908 909 258)
4(228 259 910 879)
4(258 909 910 259)
4(229 260 911 880)
4(259 910 911 260)
4(230 261 912 881)
4(260 911 912 261)
4(231 262 913 882)
4(261 912 913 262)
4(232 263 914 883)
4(262 913 914 263)
4(233 264 915 884)
4(263 914 915 264)
4(234 265 916 885)
4(264 915 916 265)
4(235 266 917 886)
4(265 916 917 266)
4(236 267 918 887)
4(266 917 918 267)
4(237 268 919 888)
4(267 918 919 268)
4(238 269 920 889)
4(268 919 920 269)
4(239 270 921 890)
4(269 920 921 270)
4(240 271 922 891)
4(270 921 922 271)
4(241 272 923 892)
4(271 922 923 272)
4(242 273 924 893)
4(272 923 924 273)
4(243 274 925 894)
4(273 924 925 274)
4(244 275 926 895)
4(274 925 926 275)
4(245 276 927 896)
4(275 926 927 276)
4(246 277 928 897)
4(276 927 928 277)
4(277 928 929 278)
4(249 280 931 900)
4(279 930 931 280)
4(250 281 932 901)
4(280 931 932 281)
4(251 282 933 902)
4(281 932 933 282)
4(252 283 934 903)
4(282 933 934 283)
4(253 284 935 904)
4(283 934 935 284)
4(254 285 936 905)
4(284 935 936 285)
4(255 286 937 906)
4(285 936 937 286)
4(256 287 938 907)
4(286 937 938 287)
4(257 288 939 908)
4(287 938 939 288)
4(258 289 940 909)
4(288 939 940 289)
4(259 290 941 910)
4(289 940 941 290)
4(260 291 942 911)
4(290 941 942 291)
4(261 292 943 912)
4(291 942 943 292)
4(262 293 944 913)
4(292 943 944 293)
4(263 294 945 914)
4(293 944 945 294)
4(264 295 946 915)
4(294 945 946 295)
4(265 296 947 916)
4(295 946 947 296)
4(266 297 948 917)
4(296 947 948 297)
4(267 298 949 918)
4(297 948 949 298)
4(268 299 950 919)
4(298 949 950 299)
4(269 300 951 920)
4(299 950 951 300)
4(270 301 952 921)
4(300 951 952 301)
4(271 302 953 922)
4(301 952 953 302)
4(272 303 954 923)
4(302 953 954 303)
4(273 304 955 924)
4(303 954 955 304)
4(274 305 956 925)
4(304 955 956 305)
4(275 306 957 926)
4(305 956 957 306)
4(276 307 958 927)
4(306 957 958 307)
4(277 308 959 928)
4(307 958 959 308)
4(308 959 960 309)
4(280 311 962 931)
4(310 961 962 311)
4(281 312 963 932)
4(311 962 963 312)
4(282 313 964 933)
4(312 963 964 313)
4(283 314 965 934)
4(313 964 965 314)
4(284 315 966 935)
4(314 965 966 315)
4(285 316 967 936)
4(315 966 967 316)
4(286 317 968 937)
4(316 967 968 317)
4(287 318 969 938)
4(317 968 969 318)
4(288 319 970 939)
4(318 969 970 319)
4(289 320 971 940)
4(319 970 971 320)
4(290 321 972 941)
4(320 971 972 321)
4(291 322 973 942)
4(321 972 973 322)
4(292 323 974 943)
4(322 973 974 323)
4(293 324 975 944)
4(323 974 975 324)
4(294 325 976 945)
4(324 975 976 325)
4(295 326 977 946)
4(325 976 977 326)
4(296 327 978 947)
4(326 977 978 327)
4(297 328 979 948)
4(327 978 979 328)
4(298 329 980 949)
4(328 979 980 329)
4(299 330 981 950)
4(329 980 981 330)
4(300 331 982 951)
4(330 981 982 331)
4(301 332 983 952)
4(331 982 983 332)
4(302 333 984 953)
4(332 983 984 333)
4(303 334 985 954)
4(333 984 985 334)
4(304 335 986 955)
4(334 985 986 335)
4(305 336 987 956)
4(335 986 987 336)
4(306 337 988 957)
4(336 987 988 337)
4(307 338 989 958)
4(337 988 989 338)
4(308 339 990 959)
4(338 989 990 339)
4(339 990 991 340)
4(311 342 993 962)
4(341 992 993 342)
4(312 343 994 963)
4(342 993 994 343)
4(313 344 995 964)
4(343 994 995 344)
4(314 345 996 965)
4(344 995 996 345)
4(315 346 997 966)
4(345 996 997 346)
4(316 347 998 967)
4(346 997 998 347)
4(317 348 999 968)
4(347 998 999 348)
4(318 349 1000 969)
4(348 999 1000 349)
4(319 350 1001 970)
4(349 1000 1001 350)
4(320 351 1002 971)
4(350 1001 1002 351)
4(321 352 1003 972)
4(351 1002 1003 352)
4(322 353 1004 973)
4(352 1003 1004 353)
4(323 354 1005 974)
4(353 1004 1005 354)
4(324 355 1006 975)
4(354 1005 1006 355)
4(325 356 1007 976)
4(355 1006 1007 356)
4(326 357 1008 977)
4(356 1007 1008 357)
4(327 358 1009 978)
4(357 1008 1009 358)
4(328 359 1010 979)
4(358 1009 1010 359)
4(329 360 1011 980)
4(359 1010 1011 360)
4(330 361 1012 981)
4(360 1011 1012 361)
4(331 362 1013 982)
4(361 1012 1013 362)
4(332 363 1014 983)
4(362 1013 1014 363)
4(333 364 1015 984)
4(363 1014 1015 364)
4(334 365 1016 985)
4(364 1015 1016 365)
4(335 366 1017 986)
4(365 1016 1017 366)
4(336 367 1018 987)
4(366 1017 1018 367)
4(337 368 1019 988)
4(367 1018 1019 368)
4(338 369 1020 989)
4(368 1019 1020 369)
4(339 370 1021 990)
4(369 1020 1021 370)
4(370 1021 1022 371)
4(342 373 1024 993)
4(372 1023 1024 373)
4(343 374 1025 994)
4(373 1024 1025 374)
4(344 375 1026 995)
4(374 1025 1026 375)
4(345 376 1027 996)
4(375 1026 1027 376)
4(346 377 1028 997)
4(376 1027 1028 377)
4(347 378 1029 998)
4(377 1028 1029 378)
4(348 379 1030 999)
4(378 1029 1030 379)
4(349 380 1031 1000)
4(379 1030 1031 380)
4(350 381 1032 1001)
4(380 1031 1032 381)
4(351 382 1033 1002)
4(381 1032 1033 382)
4(352 383 1034 1003)
4(382 1033 1034 383)
4(353 384 1035 1004)
4(383 1034 1035 384)
4(354 385 1036 1005)
4(384 1035 1036 385)
4(355 386 1037 1006)
4(385 1036 1037 386)
4(356 387 1038 1007)
4(386 1037 1038 387)
4(357 388 1039 1008)
4(387 1038 1039 388)
4(358 389 1040 1009)
4(388 1039 1040 389)
4(359 390 1041 1010)
4(389 1040 1041 390)
4(360 391 1042 1011)
4(390 1041 1042 391)
4(361 392 1043 1012)
4(391 1042 1043 392)
4(362 393 1044 1013)
4(392 1043 1044 393)
4(363 394 1045 1014)
4(393 1044 1045 394)
4(364 395 1046 1015)
4(394 1045 1046 395)
4(365 396 1047 1016)
4(395 1046 1047 396)
4(366 397 1048 1017)
4(396 1047 1048 397)
4(367 398 1049 1018)
4(397 1048 1049 398)
4(368 399 1050 1019)
4(398 1049 1050 399)
4(369 400 1051 1020)
4(399 1050 1051 400)
4(370 401 1052 1021)
4(400 1051 1052 401)
4(401 1052 1053 402)
4(373 404 1055 1024)
4(403 1054 1055 404)
4(374 405 1056 1025)
4(404 1055 1056 405)
4(375 406 1057 1026)
4(405 1056 1057 406)
4(376 407 1058 1027)
4(406 1057 1058 407)
4(377 408 1059 1028)
4(407 1058 1059 408)
4(378 409 1060 1029)
4(408 1059 1060 409)
4(379 410 1061 1030)
4(409 1060 1061 410)
4(380 411 1062 1031)
4(410 1061 1062 411)
4(381 412 1063 1032)
4(411 1062 1063 412)
4(382 413 1064 1033)
4(412 1063 1064 413)
4(383 414 1065 1034)
4(413 1064 1065 414)
4(384 415 1066 1035)
4(414 1065 1066 415)
4(385 416 1067 1036)
4(415 1066 1067 416)
4(386 417 1068 1037)
4(416 1067 1068 417)
4(387 418 1069 1038)
4(417 1068 1069 418)
4(388 419 1070 1039)
4(418 1069 1070 419)
4(389 420 1071 1040)
4(419 1070 1071 420)
4(390 421 1072 1041)
4(420 1071 1072 421)
4(391 422 1073 1042)
4(421 1072 1073 422)
4(392 423 1074 1043)
4(422 1073 1074 423)
4(393 424 1075 1044)
4(423 1074 1075 424)
4(394 425 1076 1045)
4(424 1075 1076 425)
4(395 426 1077 1046)
4(425 1076 1077 426)
4(396 427 1078 1047)
4(426 1077 1078 427)
4(397 428 1079 1048)
4(427 1078 1079 428)
4(398 429 1080 1049)
4(428 1079 1080 429)
4(399 430 1081 1050)
4(429 1080 1081 430)
4(400 431 1082 1051)
4(430 1081 1082 431)
4(401 432 1083 1052)
4(431 1082 1083 432)
4(432 1083 1084 433)
4(404 435 1086 1055)
4(434 1085 1086 435)
4(405 436 1087 1056)
4(435 1086 1087 436)
4(406 437 1088 1057)
4(436 1087 1088 437)
4(407 438 1089 1058)
4(437 1088 1089 438)
4(408 439 1090 1059)
4(438 1089 1090 439)
4(409 440 1091 1060)
4(439 1090 1091 440)
4(410 441 1092 1061)
4(440 1091 1092 441)
4(411 442 1093 1062)
4(441 1092 1093 442)
4(412 443 1094 1063)
4(442 1093 1094 443)
4(413 444 1095 1064)
4(443 1094 1095 444)
4(414 445 1096 1065)
4(444 1095 1096 445)
4(415 446 1097 1066)
4(445 1096 1097 446)
4(416 447 1098 1067)
4(446 1097 1098 447)
4(417 448 1099 1068)
4(447 1098 1099 448)
4(418 449 1100 1069)
4(448 1099 1100 449)
4(419 450 1101 1070)
4(449 1100 1101 450)
4(420 451 1102 1071)
4(450 1101 1102 451)
4(421 452 1103 1072)
4(451 1102 1103 452)
4(422 453 1104 1073)
4(452 1103 1104 453)
4(423 454 1105 1074)
4(453 1104 1105 454)
4(424 455 1106 1075)
4(454 1105 1106 455)
4(425 456 1107 1076)
4(455 1106 1107 456)
4(426 457 1108 1077)
4(456 1107 1108 457)
4(427 458 1109 1078)
4(457 1108 1109 458)
4(428 459 1110 1079)
4(458 1109 1110 459)
4(429 460 1111 1080)
4(459 1110 1111 460)
4(430 461 1112 1081)
4(460 1111 1112 461)
4(431 462 1113 1082)
4(461 1112 1113 462)
4(432 463 1114 1083)
4(462 1113 1114 463)
4(463 1114 1115 464)
4(435 466 1117 1086)
4(465 1116 1117 466)
4(436 467 1118 1087)
4(466 1117 1118 467)
4(437 468 1119 1088)
4(467 1118 1119 468)
4(438 469 1120 1089)
4(468 1119 1120 469)
4(439 470 1121 1090)
4(469 1120 1121 470)
4(440 471 1122 1091)
4(470 1121 1122 471)
4(441 472 1123 1092)
4(471 1122 1123 472)
4(442 473 1124 1093)
4(472 1123 1124 473)
4(443 474 1125 1094)
4(473 1124 1125 474)
4(444 475 1126 1095)
4(474 1125 1126 475)
4(445 476 1127 1096)
4(475 1126 1127 476)
4(446 477 1128 1097)
4(476 1127 1128 477)
4(447 478 1129 1098)
4(477 1128 1129 478)
4(448 479 1130 1099)
4(478 1129 1130 479)
4(449 480 1131 1100)
4(479 1130 1131 480)
4(450 481 1132 1101)
4(480 1131 1132 481)
4(451 482 1133 1102)
4(481 1132 1133 482)
4(452 483 1134 1103)
4(482 1133 1134 483)
4(453 484 1135 1104)
4(483 1134 1135 484)
4(454 485 1136 1105)
4(484 1135 1136 485)
4(455 486 1137 1106)
4(485 1136 1137 486)
4(456 487 1138 1107)
4(486 1137 1138 487)
4(457 488 1139 1108)
4(487 1138 1139 488)
4(458 489 1140 1109)
4(488 1139 1140 489)
4(459 490 1141 1110)
4(489 1140 1141 490)
4(460 491 1142 1111)
4(490 1141 1142 491)
4(461 492 1143 1112)
4(491 1142 1143 492)
4(462 493 1144 1113)
4(492 1143 1144 493)
4(463 494 1145 1114)
4(493 1144 1145 494)
4(494 1145 1146 495)
4(466 497 1148 1117)
4(496 1147 1148 497)
4(467 498 1149 1118)
4(497 1148 1149 498)
4(468 499 1150 1119)
4(498 1149 1150 499)
4(469 500 1151 1120)
4(499 1150 1151 500)
4(470 501 1152 1121)
4(500 1151 1152 501)
4(471 502 1153 1122)
4(501 1152 1153 502)
4(472 503 1154 1123)
4(502 1153 1154 503)
4(473 504 1155 1124)
4(503 1154 1155 504)
4(474 505 1156 1125)
4(504 1155 1156 505)
4(475 506 1157 1126)
4(505 1156 1157 506)
4(476 507 1158 1127)
4(506 1157 1158 507)
4(477 508 1159 1128)
4(507 1158 1159 508)
4(478 509 1160 1129)
4(508 1159 1160 509)
4(479 510 1161 1130)
4(509 1160 1161 510)
4(480 511 1162 1131)
4(510 1161 1162 511)
4(481 512 1163 1132)
4(511 1162 1163 512)
4(482 513 1164 1133)
4(512 1163 1164 513)
4(483 514 1165 1134)
4(513 1164 1165 514)
4(484 515 1166 1135)
4(514 1165 1166 515)
4(485 516 1167 1136)
4(515 1166 1167 516)
4(486 517 1168 1137)
4(516 1167 1168 517)
4(487 518 1169 1138)
4(517 1168 1169 518)
4(488 519 1170 1139)
4(518 1169 1170 519)
4(489 520 1171 1140)
4(519 1170 1171 520)
4(490 521 1172 1141)
4(520 1171 1172 521)
4(491 522 1173 1142)
4(521 1172 1173 522)
4(492 523 1174 1143)
4(522 1173 1174 523)
4(493 524 1175 1144)
4(523 1174 1175 524)
4(494 525 1176 1145)
4(524 1175 1176 525)
4(525 1176 1177 526)
4(497 528 1179 1148)
4(527 1178 1179 528)
4(498 529 1180 1149)
4(528 1179 1180 529)
4(499 530 1181 1150)
4(529 1180 1181 530)
4(500 531 1182 1151)
4(530 1181 1182 531)
4(501 532 1183 1152)
4(531 1182 1183 532)
4(502 533 1184 1153)
4(532 1183 1184 533)
4(503 534 1185 1154)
4(533 1184 1185 534)
4(504 535 1186 1155)
4(534 1185 1186 535)
4(505 536 1187 1156)
4(535 1186 1187 536)
4(506 537 1188 1157)
4(536 1187 1188 537)
4(507 538 1189 1158)
4(537 1188 1189 538)
4(508 539 1190 1159)
4(538 1189 1190 539)
4(509 540 1191 1160)
4(539 1190 1191 540)
4(510 541 1192 1161)
4(540 1191 1192 541)
4(511 542 1193 1162)
4(541 1192 1193 542)
4(512 543 1194 1163)
4(542 1193 1194 543)
4(513 544 1195 1164)
4(543 1194 1195 544)
4(514 545 1196 1165)
4(544 1195 1196 545)
4(515 546 1197 1166)
4(545 1196 1197 546)
4(516 547 1198 1167)
4(546 1197 1198 547)
4(517 548 1199 1168)
4(547 1198 1199 548)
4(518 549 1200 1169)
4(548 1199 1200 549)
4(519 550 1201 1170)
4(549 1200 1201 550)
4(520 551 1202 1171)
4(550 1201 1202 551)
4(521 552 1203 1172)
4(551 1202 1203 552)
4(522 553 1204 1173)
4(552 1203 1204 553)
4(523 554 1205 1174)
4(553 1204 1205 554)
4(524 555 1206 1175)
4(554 1205 1206 555)
4(525 556 1207 1176)
4(555 1206 1207 556)
4(556 1207 1208 557)
4(528 559 1210 1179)
4(558 1209 1210 559)
4(529 560 1211 1180)
4(559 1210 1211 560)
4(530 561 1212 1181)
4(560 1211 1212 561)
4(531 562 1213 1182)
4(561 1212 1213 562)
4(532 563 1214 1183)
4(562 1213 1214 563)
4(533 564 1215 1184)
4(563 1214 1215 564)
4(534 565 1216 1185)
4(564 1215 1216 565)
4(535 566 1217 1186)
4(565 1216 1217 566)
4(536 567 1218 1187)
4(566 1217 1218 567)
4(537 568 1219 1188)
4(567 1218 1219 568)
4(538 569 1220 1189)
4(568 1219 1220 569)
4(539 570 1221 1190)
4(569 1220 1221 570)
4(540 571 1222 1191)
4(570 1221 1222 571)
4(541 572 1223 1192)
4(571 1222 1223 572)
4(542 573 1224 1193)
4(572 1223 1224 573)
4(543 574 1225 1194)
4(573 1224 1225 574)
4(544 575 1226 1195)
4(574 1225 1226 575)
4(545 576 1227 1196)
4(575 1226 1227 576)
4(546 577 1228 1197)
4(576 1227 1228 577)
4(547 578 1229 1198)
4(577 1228 1229 578)
4(548 579 1230 1199)
4(578 1229 1230 579)
4(549 580 1231 1200)
4(579 1230 1231 580)
4(550 581 1232 1201)
4(580 1231 1232 581)
4(551 582 1233 1202)
4(581 1232 1233 582)
4(552 583 1234 1203)
4(582 1233 1234 583)
4(553 584 1235 1204)
4(583 1234 1235 584)
4(554 585 1236 1205)
4(584 1235 1236 585)
4(555 586 1237 1206)
4(585 1236 1237 586)
4(556 587 1238 1207)
4(586 1237 1238 587)
4(587 1238 1239 588)
4(559 590 1241 1210)
4(589 1240 1241 590)
4(560 591 1242 1211)
4(590 1241 1242 591)
4(561 592 1243 1212)
4(591 1242 1243 592)
4(562 593 1244 1213)
4(592 1243 1244 593)
4(563 594 1245 1214)
4(593 1244 1245 594)
4(564 595 1246 1215)
4(594 1245 1246 595)
4(565 596 1247 1216)
4(595 1246 1247 596)
4(566 597 1248 1217)
4(596 1247 1248 597)
4(567 598 1249 1218)
4(597 1248 1249 598)
4(568 599 1250 1219)
4(598 1249 1250 599)
4(569 600 1251 1220)
4(599 1250 1251 600)
4(570 601 1252 1221)
4(600 1251 1252 601)
4(571 602 1253 1222)
4(601 1252 1253 602)
4(572 603 1254 1223)
4(602 1253 1254 603)
4(573 604 1255 1224)
4(603 1254 1255 604)
4(574 605 1256 1225)
4(604 1255 1256 605)
4(575 606 1257 1226)
4(605 1256 1257 606)
4(576 607 1258 1227)
4(606 1257 1258 607)
4(577 608 1259 1228)
4(607 1258 1259 608)
4(578 609 1260 1229)
4(608 1259 1260 609)
4(579 610 1261 1230)
4(609 1260 1261 610)
4(580 611 1262 1231)
4(610 1261 1262 611)
4(581 612 1263 1232)
4(611 1262 1263 612)
4(582 613 1264 1233)
4(612 1263 1264 613)
4(583 614 1265 1234)
4(613 1264 1265 614)
4(584 615 1266 1235)
4(614 1265 1266 615)
4(585 616 1267 1236)
4(615 1266 1267 616)
4(586 617 1268 1237)
4(616 1267 1268 617)
4(587 618 1269 1238)
4(617 1268 1269 618)
4(618 1269 1270 619)
4(590 621 1272 1241)
4(591 622 1273 1242)
4(592 623 1274 1243)
4(593 624 1275 1244)
4(594 625 1276 1245)
4(595 626 1277 1246)
4(596 627 1278 1247)
4(597 628 1279 1248)
4(598 629 1280 1249)
4(599 630 1281 1250)
4(600 631 1282 1251)
4(601 632 1283 1252)
4(602 633 1284 1253)
4(603 634 1285 1254)
4(604 635 1286 1255)
4(605 636 1287 1256)
4(606 637 1288 1257)
4(607 638 1289 1258)
4(608 639 1290 1259)
4(609 640 1291 1260)
4(610 641 1292 1261)
4(611 642 1293 1262)
4(612 643 1294 1263)
4(613 644 1295 1264)
4(614 645 1296 1265)
4(615 646 1297 1266)
4(616 647 1298 1267)
4(617 648 1299 1268)
4(618 649 1300 1269)
4(620 1271 1272 621)
4(621 1272 1273 622)
4(622 1273 1274 623)
4(623 1274 1275 624)
4(624 1275 1276 625)
4(625 1276 1277 626)
4(626 1277 1278 627)
4(627 1278 1279 628)
4(628 1279 1280 629)
4(629 1280 1281 630)
4(630 1281 1282 631)
4(631 1282 1283 632)
4(632 1283 1284 633)
4(633 1284 1285 634)
4(634 1285 1286 635)
4(635 1286 1287 636)
4(636 1287 1288 637)
4(637 1288 1289 638)
4(638 1289 1290 639)
4(639 1290 1291 640)
4(640 1291 1292 641)
4(641 1292 1293 642)
4(642 1293 1294 643)
4(643 1294 1295 644)
4(644 1295 1296 645)
4(645 1296 1297 646)
4(646 1297 1298 647)
4(647 1298 1299 648)
4(648 1299 1300 649)
4(649 1300 1301 650)
4(0 651 682 31)
4(31 682 713 62)
4(62 713 744 93)
4(93 744 775 124)
4(124 775 806 155)
4(155 806 837 186)
4(186 837 868 217)
4(217 868 899 248)
4(248 899 930 279)
4(279 930 961 310)
4(310 961 992 341)
4(341 992 1023 372)
4(372 1023 1054 403)
4(403 1054 1085 434)
4(434 1085 1116 465)
4(465 1116 1147 496)
4(496 1147 1178 527)
4(527 1178 1209 558)
4(558 1209 1240 589)
4(589 1240 1271 620)
4(30 61 712 681)
4(61 92 743 712)
4(92 123 774 743)
4(123 154 805 774)
4(154 185 836 805)
4(185 216 867 836)
4(216 247 898 867)
4(247 278 929 898)
4(278 309 960 929)
4(309 340 991 960)
4(340 371 1022 991)
4(371 402 1053 1022)
4(402 433 1084 1053)
4(433 464 1115 1084)
4(464 495 1146 1115)
4(495 526 1177 1146)
4(526 557 1208 1177)
4(557 588 1239 1208)
4(588 619 1270 1239)
4(619 650 1301 1270)
4(0 1 652 651)
4(1 2 653 652)
4(2 3 654 653)
4(3 4 655 654)
4(4 5 656 655)
4(5 6 657 656)
4(6 7 658 657)
4(7 8 659 658)
4(8 9 660 659)
4(9 10 661 660)
4(10 11 662 661)
4(11 12 663 662)
4(12 13 664 663)
4(13 14 665 664)
4(14 15 666 665)
4(15 16 667 666)
4(16 17 668 667)
4(17 18 669 668)
4(18 19 670 669)
4(19 20 671 670)
4(20 21 672 671)
4(21 22 673 672)
4(22 23 674 673)
4(23 24 675 674)
4(24 25 676 675)
4(25 26 677 676)
4(26 27 678 677)
4(27 28 679 678)
4(28 29 680 679)
4(29 30 681 680)
4(0 31 32 1)
4(31 62 63 32)
4(62 93 94 63)
4(93 124 125 94)
4(124 155 156 125)
4(155 186 187 156)
4(186 217 218 187)
4(217 248 249 218)
4(248 279 280 249)
4(279 310 311 280)
4(310 341 342 311)
4(341 372 373 342)
4(372 403 404 373)
4(403 434 435 404)
4(434 465 466 435)
4(465 496 497 466)
4(496 527 528 497)
4(527 558 559 528)
4(558 589 590 559)
4(589 620 621 590)
4(1 32 33 2)
4(32 63 64 33)
4(63 94 95 64)
4(94 125 126 95)
4(125 156 157 126)
4(156 187 188 157)
4(187 218 219 188)
4(218 249 250 219)
4(249 280 281 250)
4(280 311 312 281)
4(311 342 343 312)
4(342 373 374 343)
4(373 404 405 374)
4(404 435 436 405)
4(435 466 467 436)
4(466 497 498 467)
4(497 528 529 498)
4(528 559 560 529)
4(559 590 591 560)
4(590 621 622 591)
4(2 33 34 3)
4(33 64 65 34)
4(64 95 96 65)
4(95 126 127 96)
4(126 157 158 127)
4(157 188 189 158)
4(188 219 220 189)
4(219 250 251 220)
4(250 281 282 251)
4(281 312 313 282)
4(312 343 344 313)
4(343 374 375 344)
4(374 405 406 375)
4(405 436 437 406)
4(436 467 468 437)
4(467 498 499 468)
4(498 529 530 499)
4(529 560 561 530)
4(560 591 592 561)
4(591 622 623 592)
4(3 34 35 4)
4(34 65 66 35)
4(65 96 97 66)
4(96 127 128 97)
4(127 158 159 128)
4(158 189 190 159)
4(189 220 221 190)
4(220 251 252 221)
4(251 282 283 252)
4(282 313 314 283)
4(313 344 345 314)
4(344 375 376 345)
4(375 406 407 376)
4(406 437 438 407)
4(437 468 469 438)
4(468 499 500 469)
4(499 530 531 500)
4(530 561 562 531)
4(561 592 593 562)
4(592 623 624 593)
4(4 35 36 5)
4(35 66 67 36)
4(66 97 98 67)
4(97 128 129 98)
4(128 159 160 129)
4(159 190 191 160)
4(190 221 222 191)
4(221 252 253 222)
4(252 283 284 253)
4(283 314 315 284)
4(314 345 346 315)
4(345 376 377 346)
4(376 407 408 377)
4(407 438 439 408)
4(438 469 470 439)
4(469 500 501 470)
4(500 531 532 501)
4(531 562 563 532)
4(562 593 594 563)
4(593 624 625 594)
4(5 36 37 6)
4(36 67 68 37)
4(67 98 99 68)
4(98 129 130 99)
4(129 160 161 130)
4(160 191 192 161)
4(191 222 223 192)
4(222 253 254 223)
4(253 284 285 254)
4(284 315 316 285)
4(315 346 347 316)
4(346 377 378 347)
4(377 408 409 378)
4(408 439 440 409)
4(439 470 471 440)
4(470 501 502 471)
4(501 532 533 502)
4(532 563 564 533)
4(563 594 595 564)
4(594 625 626 595)
4(6 37 38 7)
4(37 68 69 38)
4(68 99 100 69)
4(99 130 131 100)
4(130 161 162 131)
4(161 192 193 162)
4(192 223 224 193)
4(223 254 255 224)
4(254 285 286 255)
4(285 316 317 286)
4(316 347 348 317)
4(347 378 379 348)
4(378 409 410 379)
4(409 440 441 410)
4(440 471 472 441)
4(471 502 503 472)
4(502 533 534 503)
4(533 564 565 534)
4(564 595 596 565)
4(595 626 627 596)
4(7 38 39 8)
4(38 69 70 39)
4(69 100 101 70)
4(100 131 132 101)
4(131 162 163 132)
4(162 193 194 163)
4(193 224 225 194)
4(224 255 256 225)
4(255 286 287 256)
4(286 317 318 287)
4(317 348 349 318)
4(348 379 380 349)
4(379 410 411 380)
4(410 441 442 411)
4(441 472 473 442)
4(472 503 504 473)
4(503 534 535 504)
4(534 565 566 535)
4(565 596 597 566)
4(596 627 628 597)
4(8 39 40 9)
4(39 70 71 40)
4(70 101 102 71)
4(101 132 133 102)
4(132 163 164 133)
4(163 194 195 164)
4(194 225 226 195)
4(225 256 257 226)
4(256 287 288 257)
4(287 318 319 288)
4(318 349 350 319)
4(349 380 381 350)
4(380 411 412 381)
4(411 442 443 412)
4(442 473 474 443)
4(473 504 505 474)
4(504 535 536 505)
4(535 566 567 536)
4(566 597 598 567)
4(597 628 629 598)
4(9 40 41 10)
4(40 71 72 41)
4(71 102 103 72)
4(102 133 134 103)
4(133 164 165 134)
4(164 195 196 165)
4(195 226 227 196)
4(226 257 258 227)
4(257 288 289 258)
4(288 319 320 289)
4(319 350 351 320)
4(350 381 382 351)
4(381 412 413 382)
4(412 443 444 413)
4(443 474 475 444)
4(474 505 506 475)
4(505 536 537 506)
4(536 567 568 537)
4(567 598 599 568)
4(598 629 630 599)
4(10 41 42 11)
4(41 72 73 42)
4(72 103 104 73)
4(103 134 135 104)
4(134 165 166 135)
4(165 196 197 166)
4(196 227 228 197)
4(227 258 259 228)
4(258 289 290 259)
4(289 320 321 290)
4(320 351 352 321)
4(351 382 383 352)
4(382 413 414 383)
4(413 444 445 414)
4(444 475 476 445)
4(475 506 507 476)
4(506 537 538 507)
4(537 568 569 538)
4(568 599 600 569)
4(599 630 631 600)
4(11 42 43 12)
4(42 73 74 43)
4(73 104 105 74)
4(104 135 136 105)
4(135 166 167 136)
4(166 197 198 167)
4(197 228 229 198)
4(228 259 260 229)
4(259 290 291 260)
4(290 321 322 291)
4(321 352 353 322)
4(352 383 384 353)
4(383 414 415 384)
4(414 445 446 415)
4(445 476 477 446)
4(476 507 508 477)
4(507 538 539 508)
4(538 569 570 539)
4(569 600 601 570)
4(600 631 632 601)
4(12 43 44 13)
4(43 74 75 44)
4(74 105 106 75)
4(105 136 137 106)
4(136 167 168 137)
4(167 198 199 168)
4(198 229 230 199)
4(229 260 261 230)
4(260 291 292 261)
4(291 322 323 292)
4(322 353 354 323)
4(353 384 385 354)
4(384 415 416 385)
4(415 446 447 416)
4(446 477 478 447)
4(477 508 509 478)
4(508 539 540 509)
4(539 570 571 540)
4(570 601 602 571)
4(601 632 633 602)
4(13 44 45 14)
4(44 75 76 45)
4(75 106 107 76)
4(106 137 138 107)
4(137 168 169 138)
4(168 199 200 169)
4(199 230 231 200)
4(230 261 262 231)
4(261 292 293 262)
4(292 323 324 293)
4(323 354 355 324)
4(354 385 386 355)
4(385 416 417 386)
4(416 447 448 417)
4(447 478 479 448)
4(478 509 510 479)
4(509 540 541 510)
4(540 571 572 541)
4(571 602 603 572)
4(602 633 634 603)
4(14 45 46 15)
4(45 76 77 46)
4(76 107 108 77)
4(107 138 139 108)
4(138 169 170 139)
4(169 200 201 170)
4(200 231 232 201)
4(231 262 263 232)
4(262 293 294 263)
4(293 324 325 294)
4(324 355 356 325)
4(355 386 387 356)
4(386 417 418 387)
4(417 448 449 418)
4(448 479 480 449)
4(479 510 511 480)
4(510 541 542 511)
4(541 572 573 542)
4(572 603 604 573)
4(603 634 635 604)
4(15 46 47 16)
4(46 77 78 47)
4(77 108 109 78)
4(108 139 140 109)
4(139 170 171 140)
4(170 201 202 171)
4(201 232 233 202)
4(232 263 264 233)
4(263 294 295 264)
4(294 325 326 295)
4(325 356 357 326)
4(356 387 388 357)
4(387 418 419 388)
4(418 449 450 419)
4(449 480 481 450)
4(480 511 512 481)
4(511 542 543 512)
4(542 573 574 543)
4(573 604 605 574)
4(604 635 636 605)
4(16 47 48 17)
4(47 78 79 48)
4(78 109 110 79)
4(109 140 141 110)
4(140 171 172 141)
4(171 202 203 172)
4(202 233 234 203)
4(233 264 265 234)
4(264 295 296 265)
4(295 326 327 296)
4(326 357 358 327)
4(357 388 389 358)
4(388 419 420 389)
4(419 450 451 420)
4(450 481 482 451)
4(481 512 513 482)
4(512 543 544 513)
4(543 574 575 544)
4(574 605 606 575)
4(605 636 637 606)
4(17 48 49 18)
4(48 79 80 49)
4(79 110 111 80)
4(110 141 142 111)
4(141 172 173 142)
4(172 203 204 173)
4(203 234 235 204)
4(234 265 266 235)
4(265 296 297 266)
4(296 327 328 297)
4(327 358 359 328)
4(358 389 390 359)
4(389 420 421 390)
4(420 451 452 421)
4(451 482 483 452)
4(482 513 514 483)
4(513 544 545 514)
4(544 575 576 545)
4(575 606 607 576)
4(606 637 638 607)
4(18 49 50 19)
4(49 80 81 50)
4(80 111 112 81)
4(111 142 143 112)
4(142 173 174 143)
4(173 204 205 174)
4(204 235 236 205)
4(235 266 267 236)
4(266 297 298 267)
4(297 328 329 298)
4(328 359 360 329)
4(359 390 391 360)
4(390 421 422 391)
4(421 452 453 422)
4(452 483 484 453)
4(483 514 515 484)
4(514 545 546 515)
4(545 576 577 546)
4(576 607 608 577)
4(607 638 639 608)
4(19 50 51 20)
4(50 81 82 51)
4(81 112 113 82)
4(112 143 144 113)
4(143 174 175 144)
4(174 205 206 175)
4(205 236 237 206)
4(236 267 268 237)
4(267 298 299 268)
4(298 329 330 299)
4(329 360 361 330)
4(360 391 392 361)
4(391 422 423 392)
4(422 453 454 423)
4(453 484 485 454)
4(484 515 516 485)
4(515 546 547 516)
4(546 577 578 547)
4(577 608 609 578)
4(608 639 640 609)
4(20 51 52 21)
4(51 82 83 52)
4(82 113 114 83)
4(113 144 145 114)
4(144 175 176 145)
4(175 206 207 176)
4(206 237 238 207)
4(237 268 269 238)
4(268 299 300 269)
4(299 330 331 300)
4(330 361 362 331)
4(361 392 393 362)
4(392 423 424 393)
4(423 454 455 424)
4(454 485 486 455)
4(485 516 517 486)
4(516 547 548 517)
4(547 578 579 548)
4(578 609 610 579)
4(609 640 641 610)
4(21 52 53 22)
4(52 83 84 53)
4(83 114 115 84)
4(114 145 146 115)
4(145 176 177 146)
4(176 207 208 177)
4(207 238 239 208)
4(238 269 270 239)
4(269 300 301 270)
4(300 331 332 301)
4(331 362 363 332)
4(362 393 394 363)
4(393 424 425 394)
4(424 455 456 425)
4(455 486 487 456)
4(486 517 518 487)
4(517 548 549 518)
4(548 579 580 549)
4(579 610 611 580)
4(610 641 642 611)
4(22 53 54 23)
4(53 84 85 54)
4(84 115 116 85)
4(115 146 147 116)
4(146 177 178 147)
4(177 208 209 178)
4(208 239 240 209)
4(239 270 271 240)
4(270 301 302 271)
4(301 332 333 302)
4(332 363 364 333)
4(363 394 395 364)
4(394 425 426 395)
4(425 456 457 426)
4(456 487 488 457)
4(487 518 519 488)
4(518 549 550 519)
4(549 580 581 550)
4(580 611 612 581)
4(611 642 643 612)
4(23 54 55 24)
4(54 85 86 55)
4(85 116 117 86)
4(116 147 148 117)
4(147 178 179 148)
4(178 209 210 179)
4(209 240 241 210)
4(240 271 272 241)
4(271 302 303 272)
4(302 333 334 303)
4(333 364 365 334)
4(364 395 396 365)
4(395 426 427 396)
4(426 457 458 427)
4(457 488 489 458)
4(488 519 520 489)
4(519 550 551 520)
4(550 581 582 551)
4(581 612 613 582)
4(612 643 644 613)
4(24 55 56 25)
4(55 86 87 56)
4(86 117 118 87)
4(117 148 149 118)
4(148 179 180 149)
4(179 210 211 180)
4(210 241 242 211)
4(241 272 273 242)
4(272 303 304 273)
4(303 334 335 304)
4(334 365 366 335)
4(365 396 397 366)
4(396 427 428 397)
4(427 458 459 428)
4(458 489 490 459)
4(489 520 521 490)
4(520 551 552 521)
4(551 582 583 552)
4(582 613 614 583)
4(613 644 645 614)
4(25 56 57 26)
4(56 87 88 57)
4(87 118 119 88)
4(118 149 150 119)
4(149 180 181 150)
4(180 211 212 181)
4(211 242 243 212)
4(242 273 274 243)
4(273 304 305 274)
4(304 335 336 305)
4(335 366 367 336)
4(366 397 398 367)
4(397 428 429 398)
4(428 459 460 429)
4(459 490 491 460)
4(490 521 522 491)
4(521 552 553 522)
4(552 583 584 553)
4(583 614 615 584)
4(614 645 646 615)
4(26 57 58 27)
4(57 88 89 58)
4(88 119 120 89)
4(119 150 151 120)
4(150 181 182 151)
4(181 212 213 182)
4(212 243 244 213)
4(243 274 275 244)
4(274 305 306 275)
4(305 336 337 306)
4(336 367 368 337)
4(367 398 399 368)
4(398 429 430 399)
4(429 460 461 430)
4(460 491 492 461)
4(491 522 523 492)
4(522 553 554 523)
4(553 584 585 554)
4(584 615 616 585)
4(615 646 647 616)
4(27 58 59 28)
4(58 89 90 59)
4(89 120 121 90)
4(120 151 152 121)
4(151 182 183 152)
4(182 213 214 183)
4(213 244 245 214)
4(244 275 276 245)
4(275 306 307 276)
4(306 337 338 307)
4(337 368 369 338)
4(368 399 400 369)
4(399 430 431 400)
4(430 461 462 431)
4(461 492 493 462)
4(492 523 524 493)
4(523 554 555 524)
4(554 585 586 555)
4(585 616 617 586)
4(616 647 648 617)
4(28 59 60 29)
4(59 90 91 60)
4(90 121 122 91)
4(121 152 153 122)
4(152 183 184 153)
4(183 214 215 184)
4(214 245 246 215)
4(245 276 277 246)
4(276 307 308 277)
4(307 338 339 308)
4(338 369 370 339)
4(369 400 401 370)
4(400 431 432 401)
4(431 462 463 432)
4(462 493 494 463)
4(493 524 525 494)
4(524 555 556 525)
4(555 586 587 556)
4(586 617 618 587)
4(617 648 649 618)
4(29 60 61 30)
4(60 91 92 61)
4(91 122 123 92)
4(122 153 154 123)
4(153 184 185 154)
4(184 215 216 185)
4(215 246 247 216)
4(246 277 278 247)
4(277 308 309 278)
4(308 339 340 309)
4(339 370 371 340)
4(370 401 402 371)
4(401 432 433 402)
4(432 463 464 433)
4(463 494 495 464)
4(494 525 526 495)
4(525 556 557 526)
4(556 587 588 557)
4(587 618 619 588)
4(618 649 650 619)
4(651 652 683 682)
4(682 683 714 713)
4(713 714 745 744)
4(744 745 776 775)
4(775 776 807 806)
4(806 807 838 837)
4(837 838 869 868)
4(868 869 900 899)
4(899 900 931 930)
4(930 931 962 961)
4(961 962 993 992)
4(992 993 1024 1023)
4(1023 1024 1055 1054)
4(1054 1055 1086 1085)
4(1085 1086 1117 1116)
4(1116 1117 1148 1147)
4(1147 1148 1179 1178)
4(1178 1179 1210 1209)
4(1209 1210 1241 1240)
4(1240 1241 1272 1271)
4(652 653 684 683)
4(683 684 715 714)
4(714 715 746 745)
4(745 746 777 776)
4(776 777 808 807)
4(807 808 839 838)
4(838 839 870 869)
4(869 870 901 900)
4(900 901 932 931)
4(931 932 963 962)
4(962 963 994 993)
4(993 994 1025 1024)
4(1024 1025 1056 1055)
4(1055 1056 1087 1086)
4(1086 1087 1118 1117)
4(1117 1118 1149 1148)
4(1148 1149 1180 1179)
4(1179 1180 1211 1210)
4(1210 1211 1242 1241)
4(1241 1242 1273 1272)
4(653 654 685 684)
4(684 685 716 715)
4(715 716 747 746)
4(746 747 778 777)
4(777 778 809 808)
4(808 809 840 839)
4(839 840 871 870)
4(870 871 902 901)
4(901 902 933 932)
4(932 933 964 963)
4(963 964 995 994)
4(994 995 1026 1025)
4(1025 1026 1057 1056)
4(1056 1057 1088 1087)
4(1087 1088 1119 1118)
4(1118 1119 1150 1149)
4(1149 1150 1181 1180)
4(1180 1181 1212 1211)
4(1211 1212 1243 1242)
4(1242 1243 1274 1273)
4(654 655 686 685)
4(685 686 717 716)
4(716 717 748 747)
4(747 748 779 778)
4(778 779 810 809)
4(809 810 841 840)
4(840 841 872 871)
4(871 872 903 902)
4(902 903 934 933)
4(933 934 965 964)
4(964 965 996 995)
4(995 996 1027 1026)
4(1026 1027 1058 1057)
4(1057 1058 1089 1088)
4(1088 1089 1120 1119)
4(1119 1120 1151 1150)
4(1150 1151 1182 1181)
4(1181 1182 1213 1212)
4(1212 1213 1244 1243)
4(1243 1244 1275 1274)
4(655 656 687 686)
4(686 687 718 717)
4(717 718 749 748)
4(748 749 780 779)
4(779 780 811 810)
4(810 811 842 841)
4(841 842 873 872)
4(872 873 904 903)
4(903 904 935 934)
4(934 935 966 965)
4(965 966 997 996)
4(996 997 1028 1027)
4(1027 1028 1059 1058)
4(1058 1059 1090 1089)
4(1089 1090 1121 1120)
4(1120 1121 1152 1151)
4(1151 1152 1183 1182)
4(1182 1183 1214 1213)
4(1213 1214 1245 1244)
4(1244 1245 1276 1275)
4(656 657 688 687)
4(687 688 719 718)
4(718 719 750 749)
4(749 750 781 780)
4(780 781 812 811)
4(811 812 843 842)
4(842 843 874 873)
4(873 874 905 904)
4(904 905 936 935)
4(935 936 967 966)
4(966 967 998 997)
4(997 998 1029 1028)
4(1028 1029 1060 1059)
4(1059 1060 1091 1090)
4(1090 1091 1122 1121)
4(1121 1122 1153 1152)
4(1152 1153 1184 1183)
4(1183 1184 1215 1214)
4(1214 1215 1246 1245)
4(1245 1246 1277 1276)
4(657 658 689 688)
4(688 689 720 719)
4(719 720 751 750)
4(750 751 782 781)
4(781 782 813 812)
4(812 813 844 843)
4(843 844 875 874)
4(874 875 906 905)
4(905 906 937 936)
4(936 937 968 967)
4(967 968 999 998)
4(998 999 1030 1029)
4(1029 1030 1061 1060)
4(1060 1061 1092 1091)
4(1091 1092 1123 1122)
4(1122 1123 1154 1153)
4(1153 1154 1185 1184)
4(1184 1185 1216 1215)
4(1215 1216 1247 1246)
4(1246 1247 1278 1277)
4(658 659 690 689)
4(689 690 721 720)
4(720 721 752 751)
4(751 752 783 782)
4(782 783 814 813)
4(813 814 845 844)
4(844 845 876 875)
4(875 876 907 906)
4(906 907 938 937)
4(937 938 969 968)
4(968 969 1000 999)
4(999 1000 1031 1030)
4(1030 1031 1062 1061)
4(1061 1062 1093 1092)
4(1092 1093 1124 1123)
4(1123 1124 1155 1154)
4(1154 1155 1186 1185)
4(1185 1186 1217 1216)
4(1216 1217 1248 1247)
4(1247 1248 1279 1278)
4(659 660 691 690)
4(690 691 722 721)
4(721 722 753 752)
4(752 753 784 783)
4(783 784 815 814)
4(814 815 846 845)
4(845 846 877 876)
4(876 877 908 907)
4(907 908 939 938)
4(938 939 970 969)
4(969 970 1001 1000)
4(1000 1001 1032 1031)
4(1031 1032 1063 1062)
4(1062 1063 1094 1093)
4(1093 1094 1125 1124)
4(1124 1125 1156 1155)
4(1155 1156 1187 1186)
4(1186 1187 1218 1217)
4(1217 1218 1249 1248)
4(1248 1249 1280 1279)
4(660 661 692 691)
4(691 692 723 722)
4(722 723 754 753)
4(753 754 785 784)
4(784 785 816 815)
4(815 816 847 846)
4(846 847 878 877)
4(877 878 909 908)
4(908 909 940 939)
4(939 940 971 970)
4(970 971 1002 1001)
4(1001 1002 1033 1032)
4(1032 1033 1064 1063)
4(1063 1064 1095 1094)
4(1094 1095 1126 1125)
4(1125 1126 1157 1156)
4(1156 1157 1188 1187)
4(1187 1188 1219 1218)
4(1218 1219 1250 1249)
4(1249 1250 1281 1280)
4(661 662 693 692)
4(692 693 724 723)
4(723 724 755 754)
4(754 755 786 785)
4(785 786 817 816)
4(816 817 848 847)
4(847 848 879 878)
4(878 879 910 909)
4(909 910 941 940)
4(940 941 972 971)
4(971 972 1003 1002)
4(1002 1003 1034 1033)
4(1033 1034 1065 1064)
4(1064 1065 1096 1095)
4(1095 1096 1127 1126)
4(1126 1127 1158 1157)
4(1157 1158 1189 1188)
4(1188 1189 1220 1219)
4(1219 1220 1251 1250)
4(1250 1251 1282 1281)
4(662 663 694 693)
4(693 694 725 724)
4(724 725 756 755)
4(755 756 787 786)
4(786 787 818 817)
4(817 818 849 848)
4(848 849 880 879)
4(879 880 911 910)
4(910 911 942 941)
4(941 942 973 972)
4(972 973 1004 1003)
4(1003 1004 1035 1034)
4(1034 1035 1066 1065)
4(1065 1066 1097 1096)
4(1096 1097 1128 1127)
4(1127 1128 1159 1158)
4(1158 1159 1190 1189)
4(1189 1190 1221 1220)
4(1220 1221 1252 1251)
4(1251 1252 1283 1282)
4(663 664 695 694)
4(694 695 726 725)
4(725 726 757 756)
4(756 757 788 787)
4(787 788 819 818)
4(818 819 850 849)
4(849 850 881 880)
4(880 881 912 911)
4(911 912 943 942)
4(942 943 974 973)
4(973 974 1005 1004)
4(1004 1005 1036 1035)
4(1035 1036 1067 1066)
4(1066 1067 1098 1097)
4(1097 1098 1129 1128)
4(1128 1129 1160 1159)
4(1159 1160 1191 1190)
4(1190 1191 1222 1221)
4(1221 1222 1253 1252)
4(1252 1253 1284 1283)
4(664 665 696 695)
4(695 696 727 726)
4(726 727 758 757)
4(757 758 789 788)
4(788 789 820 819)
4(819 820 851 850)
4(850 851 882 881)
4(881 882 913 912)
4(912 913 944 943)
4(943 944 975 974)
4(974 975 1006 1005)
4(1005 1006 1037 1036)
4(1036 1037 1068 1067)
4(1067 1068 1099 1098)
4(1098 1099 1130 1129)
4(1129 1130 1161 1160)
4(1160 1161 1192 1191)
4(1191 1192 1223 1222)
4(1222 1223 1254 1253)
4(1253 1254 1285 1284)
4(665 666 697 696)
4(696 697 728 727)
4(727 728 759 758)
4(758 759 790 789)
4(789 790 821 820)
4(820 821 852 851)
4(851 852 883 882)
4(882 883 914 913)
4(913 914 945 944)
4(944 945 976 975)
4(975 976 1007 1006)
4(1006 1007 1038 1037)
4(1037 1038 1069 1068)
4(1068 1069 1100 1099)
4(1099 1100 1131 1130)
4(1130 1131 1162 1161)
4(1161 1162 1193 1192)
4(1192 1193 1224 1223)
4(1223 1224 1255 1254)
4(1254 1255 1286 1285)
4(666 667 698 697)
4(697 698 729 728)
4(728 729 760 759)
4(759 760 791 790)
4(790 791 822 821)
4(821 822 853 852)
4(852 853 884 883)
4(883 884 915 914)
4(914 915 946 945)
4(945 946 977 976)
4(976 977 1008 1007)
4(1007 1008 1039 1038)
4(1038 1039 1070 1069)
4(1069 1070 1101 1100)
4(1100 1101 1132 1131)
4(1131 1132 1163 1162)
4(1162 1163 1194 1193)
4(1193 1194 1225 1224)
4(1224 1225 1256 1255)
4(1255 1256 1287 1286)
4(667 668 699 698)
4(698 699 730 729)
4(729 730 761 760)
4(760 761 792 791)
4(791 792 823 822)
4(822 823 854 853)
4(853 854 885 884)
4(884 885 916 915)
4(915 916 947 946)
4(946 947 978 977)
4(977 978 1009 1008)
4(1008 1009 1040 1039)
4(1039 1040 1071 1070)
4(1070 1071 1102 1101)
4(1101 1102 1133 1132)
4(1132 1133 1164 1163)
4(1163 1164 1195 1194)
4(1194 1195 1226 1225)
4(1225 1226 1257 1256)
4(1256 1257 1288 1287)
4(668 669 700 699)
4(699 700 731 730)
4(730 731 762 761)
4(761 762 793 792)
4(792 793 824 823)
4(823 824 855 854)
4(854 855 886 885)
4(885 886 917 916)
4(916 917 948 947)
4(947 948 979 978)
4(978 979 1010 1009)
4(1009 1010 1041 1040)
4(1040 1041 1072 1071)
4(1071 1072 1103 1102)
4(1102 1103 1134 1133)
4(1133 1134 1165 1164)
4(1164 1165 1196 1195)
4(1195 1196 1227 1226)
4(1226 1227 1258 1257)
4(1257 1258 1289 1288)
4(669 670 701 700)
4(700 701 732 731)
4(731 732 763 762)
4(762 763 794 793)
4(793 794 825 824)
4(824 825 856 855)
4(855 856 887 886)
4(886 887 918 917)
4(917 918 949 948)
4(948 949 980 979)
4(979 980 1011 1010)
4(1010 1011 1042 1041)
4(1041 1042 1073 1072)
4(1072 1073 1104 1103)
4(1103 1104 1135 1134)
4(1134 1135 1166 1165)
4(1165 1166 1197 1196)
4(1196 1197 1228 1227)
4(1227 1228 1259 1258)
4(1258 1259 1290 1289)
4(670 671 702 701)
4(701 702 733 732)
4(732 733 764 763)
4(763 764 795 794)
4(794 795 826 825)
4(825 826 857 856)
4(856 857 888 887)
4(887 888 919 918)
4(918 919 950 949)
4(949 950 981 980)
4(980 981 1012 1011)
4(1011 1012 1043 1042)
4(1042 1043 1074 1073)
4(1073 1074 1105 1104)
4(1104 1105 1136 1135)
4(1135 1136 1167 1166)
4(1166 1167 1198 1197)
4(1197 1198 1229 1228)
4(1228 1229 1260 1259)
4(1259 1260 1291 1290)
4(671 672 703 702)
4(702 703 734 733)
4(733 734 765 764)
4(764 765 796 795)
4(795 796 827 826)
4(826 827 858 857)
4(857 858 889 888)
4(888 889 920 919)
4(919 920 951 950)
4(950 951 982 981)
4(981 982 1013 1012)
4(1012 1013 1044 1043)
4(1043 1044 1075 1074)
4(1074 1075 1106 1105)
4(1105 1106 1137 1136)
4(1136 1137 1168 1167)
4(1167 1168 1199 1198)
4(1198 1199 1230 1229)
4(1229 1230 1261 1260)
4(1260 1261 1292 1291)
4(672 673 704 703)
4(703 704 735 734)
4(734 735 766 765)
4(765 766 797 796)
4(796 797 828 827)
4(827 828 859 858)
4(858 859 890 889)
4(889 890 921 920)
4(920 921 952 951)
4(951 952 983 982)
4(982 983 1014 1013)
4(1013 1014 1045 1044)
4(1044 1045 1076 1075)
4(1075 1076 1107 1106)
4(1106 1107 1138 1137)
4(1137 1138 1169 1168)
4(1168 1169 1200 1199)
4(1199 1200 1231 1230)
4(1230 1231 1262 1261)
4(1261 1262 1293 1292)
4(673 674 705 704)
4(704 705 736 735)
4(735 736 767 766)
4(766 767 798 797)
4(797 798 829 828)
4(828 829 860 859)
4(859 860 891 890)
4(890 891 922 921)
4(921 922 953 952)
4(952 953 984 983)
4(983 984 1015 1014)
4(1014 1015 1046 1045)
4(1045 1046 1077 1076)
4(1076 1077 1108 1107)
4(1107 1108 1139 1138)
4(1138 1139 1170 1169)
4(1169 1170 1201 1200)
4(1200 1201 1232 1231)
4(1231 1232 1263 1262)
4(1262 1263 1294 1293)
4(674 675 706 705)
4(705 706 737 736)
4(736 737 768 767)
4(767 768 799 798)
4(798 799 830 829)
4(829 830 861 860)
4(860 861 892 891)
4(891 892 923 922)
4(922 923 954 953)
4(953 954 985 984)
4(984 985 1016 1015)
4(1015 1016 1047 1046)
4(1046 1047 1078 1077)
4(1077 1078 1109 1108)
4(1108 1109 1140 1139)
4(1139 1140 1171 1170)
4(1170 1171 1202 1201)
4(1201 1202 1233 1232)
4(1232 1233 1264 1263)
4(1263 1264 1295 1294)
4(675 676 707 706)
4(706 707 738 737)
4(737 738 769 768)
4(768 769 800 799)
4(799 800 831 830)
4(830 831 862 861)
4(861 862 893 892)
4(892 893 924 923)
4(923 924 955 954)
4(954 955 986 985)
4(985 986 1017 1016)
4(1016 1017 1048 1047)
4(1047 1048 1079 1078)
4(1078 1079 1110 1109)
4(1109 1110 1141 1140)
4(1140 1141 1172 1171)
4(1171 1172 1203 1202)
4(1202 1203 1234 1233)
4(1233 1234 1265 1264)
4(1264 1265 1296 1295)
4(676 677 708 707)
4(707 708 739 738)
4(738 739 770 769)
4(769 770 801 800)
4(800 801 832 831)
4(831 832 863 862)
4(862 863 894 893)
4(893 894 925 924)
4(924 925 956 955)
4(955 956 987 986)
4(986 987 1018 1017)
4(1017 1018 1049 1048)
4(1048 1049 1080 1079)
4(1079 1080 1111 1110)
4(1110 1111 1142 1141)
4(1141 1142 1173 1172)
4(1172 1173 1204 1203)
4(1203 1204 1235 1234)
4(1234 1235 1266 1265)
4(1265 1266 1297 1296)
4(677 678 709 708)
4(708 709 740 739)
4(739 740 771 770)
4(770 771 802 801)
4(801 802 833 832)
4(832 833 864 863)
4(863 864 895 894)
4(894 895 926 925)
4(925 926 957 956)
4(956 957 988 987)
4(987 988 1019 1018)
4(1018 1019 1050 1049)
4(1049 1050 1081 1080)
4(1080 1081 1112 1111)
4(1111 1112 1143 1142)
4(1142 1143 1174 1173)
4(1173 1174 1205 1204)
4(1204 1205 1236 1235)
4(1235 1236 1267 1266)
4(1266 1267 1298 1297)
4(678 679 710 709)
4(709 710 741 740)
4(740 741 772 771)
4(771 772 803 802)
4(802 803 834 833)
4(833 834 865 864)
4(864 865 896 895)
4(895 896 927 926)
4(926 927 958 957)
4(957 958 989 988)
4(988 989 1020 1019)
4(1019 1020 1051 1050)
4(1050 1051 1082 1081)
4(1081 1082 1113 1112)
4(1112 1113 1144 1143)
4(1143 1144 1175 1174)
4(1174 1175 1206 1205)
4(1205 1206 1237 1236)
4(1236 1237 1268 1267)
4(1267 1268 1299 1298)
4(679 680 711 710)
4(710 711 742 741)
4(741 742 773 772)
4(772 773 804 803)
4(803 804 835 834)
4(834 835 866 865)
4(865 866 897 896)
4(896 897 928 927)
4(927 928 959 958)
4(958 959 990 989)
4(989 990 1021 1020)
4(1020 1021 1052 1051)
4(1051 1052 1083 1082)
4(1082 1083 1114 1113)
4(1113 1114 1145 1144)
4(1144 1145 1176 1175)
4(1175 1176 1207 1206)
4(1206 1207 1238 1237)
4(1237 1238 1269 1268)
4(1268 1269 1300 1299)
4(680 681 712 711)
4(711 712 743 742)
4(742 743 774 773)
4(773 774 805 804)
4(804 805 836 835)
4(835 836 867 866)
4(866 867 898 897)
4(897 898 929 928)
4(928 929 960 959)
4(959 960 991 990)
4(990 991 1022 1021)
4(1021 1022 1053 1052)
4(1052 1053 1084 1083)
4(1083 1084 1115 1114)
4(1114 1115 1146 1145)
4(1145 1146 1177 1176)
4(1176 1177 1208 1207)
4(1207 1208 1239 1238)
4(1238 1239 1270 1269)
4(1269 1270 1301 1300)
)


// ************************************************************************* //
