/*--------------------------------*- C++ -*----------------------------------*\
  =========                 |
  \\      /  F ield         | OpenFOAM: The Open Source CFD Toolbox
   \\    /   O peration     | Website:  https://openfoam.org
    \\  /    A nd           | Version:  7
     \\/     M anipulation  |
\*---------------------------------------------------------------------------*/
FoamFile
{
    version     2.0;
    format      ascii;
    class       vectorField;
    location    "constant/polyMesh";
    object      points;
}
// * * * * * * * * * * * * * * * * * * * * * * * * * * * * * * * * * * * * * //


1302
(
(0 0 0)
(0.003333333333 0 0)
(0.006666666667 0 0)
(0.01 0 0)
(0.01333333333 0 0)
(0.01666666667 0 0)
(0.02 0 0)
(0.02333333333 0 0)
(0.02666666667 0 0)
(0.03 0 0)
(0.03333333333 0 0)
(0.03666666667 0 0)
(0.04 0 0)
(0.04333333333 0 0)
(0.04666666667 0 0)
(0.05 0 0)
(0.05333333333 0 0)
(0.05666666667 0 0)
(0.06 0 0)
(0.06333333333 0 0)
(0.06666666667 0 0)
(0.07 0 0)
(0.07333333333 0 0)
(0.07666666667 0 0)
(0.08 0 0)
(0.08333333333 0 0)
(0.08666666667 0 0)
(0.09 0 0)
(0.09333333333 0 0)
(0.09666666667 0 0)
(0.1 0 0)
(0 0.005 0)
(0.003333333333 0.005 0)
(0.006666666667 0.005 0)
(0.01 0.005 0)
(0.01333333333 0.005 0)
(0.01666666667 0.005 0)
(0.02 0.005 0)
(0.02333333333 0.005 0)
(0.02666666667 0.005 0)
(0.03 0.005 0)
(0.03333333333 0.005 0)
(0.03666666667 0.005 0)
(0.04 0.005 0)
(0.04333333333 0.005 0)
(0.04666666667 0.005 0)
(0.05 0.005 0)
(0.05333333333 0.005 0)
(0.05666666667 0.005 0)
(0.06 0.005 0)
(0.06333333333 0.005 0)
(0.06666666667 0.005 0)
(0.07 0.005 0)
(0.07333333333 0.005 0)
(0.07666666667 0.005 0)
(0.08 0.005 0)
(0.08333333333 0.005 0)
(0.08666666667 0.005 0)
(0.09 0.005 0)
(0.09333333333 0.005 0)
(0.09666666667 0.005 0)
(0.1 0.005 0)
(0 0.01 0)
(0.003333333333 0.01 0)
(0.006666666667 0.01 0)
(0.01 0.01 0)
(0.01333333333 0.01 0)
(0.01666666667 0.01 0)
(0.02 0.01 0)
(0.02333333333 0.01 0)
(0.02666666667 0.01 0)
(0.03 0.01 0)
(0.03333333333 0.01 0)
(0.03666666667 0.01 0)
(0.04 0.01 0)
(0.04333333333 0.01 0)
(0.04666666667 0.01 0)
(0.05 0.01 0)
(0.05333333333 0.01 0)
(0.05666666667 0.01 0)
(0.06 0.01 0)
(0.06333333333 0.01 0)
(0.06666666667 0.01 0)
(0.07 0.01 0)
(0.07333333333 0.01 0)
(0.07666666667 0.01 0)
(0.08 0.01 0)
(0.08333333333 0.01 0)
(0.08666666667 0.01 0)
(0.09 0.01 0)
(0.09333333333 0.01 0)
(0.09666666667 0.01 0)
(0.1 0.01 0)
(0 0.015 0)
(0.003333333333 0.015 0)
(0.006666666667 0.015 0)
(0.01 0.015 0)
(0.01333333333 0.015 0)
(0.01666666667 0.015 0)
(0.02 0.015 0)
(0.02333333333 0.015 0)
(0.02666666667 0.015 0)
(0.03 0.015 0)
(0.03333333333 0.015 0)
(0.03666666667 0.015 0)
(0.04 0.015 0)
(0.04333333333 0.015 0)
(0.04666666667 0.015 0)
(0.05 0.015 0)
(0.05333333333 0.015 0)
(0.05666666667 0.015 0)
(0.06 0.015 0)
(0.06333333333 0.015 0)
(0.06666666667 0.015 0)
(0.07 0.015 0)
(0.07333333333 0.015 0)
(0.07666666667 0.015 0)
(0.08 0.015 0)
(0.08333333333 0.015 0)
(0.08666666667 0.015 0)
(0.09 0.015 0)
(0.09333333333 0.015 0)
(0.09666666667 0.015 0)
(0.1 0.015 0)
(0 0.02 0)
(0.003333333333 0.02 0)
(0.006666666667 0.02 0)
(0.01 0.02 0)
(0.01333333333 0.02 0)
(0.01666666667 0.02 0)
(0.02 0.02 0)
(0.02333333333 0.02 0)
(0.02666666667 0.02 0)
(0.03 0.02 0)
(0.03333333333 0.02 0)
(0.03666666667 0.02 0)
(0.04 0.02 0)
(0.04333333333 0.02 0)
(0.04666666667 0.02 0)
(0.05 0.02 0)
(0.05333333333 0.02 0)
(0.05666666667 0.02 0)
(0.06 0.02 0)
(0.06333333333 0.02 0)
(0.06666666667 0.02 0)
(0.07 0.02 0)
(0.07333333333 0.02 0)
(0.07666666667 0.02 0)
(0.08 0.02 0)
(0.08333333333 0.02 0)
(0.08666666667 0.02 0)
(0.09 0.02 0)
(0.09333333333 0.02 0)
(0.09666666667 0.02 0)
(0.1 0.02 0)
(0 0.025 0)
(0.003333333333 0.025 0)
(0.006666666667 0.025 0)
(0.01 0.025 0)
(0.01333333333 0.025 0)
(0.01666666667 0.025 0)
(0.02 0.025 0)
(0.02333333333 0.025 0)
(0.02666666667 0.025 0)
(0.03 0.025 0)
(0.03333333333 0.025 0)
(0.03666666667 0.025 0)
(0.04 0.025 0)
(0.04333333333 0.025 0)
(0.04666666667 0.025 0)
(0.05 0.025 0)
(0.05333333333 0.025 0)
(0.05666666667 0.025 0)
(0.06 0.025 0)
(0.06333333333 0.025 0)
(0.06666666667 0.025 0)
(0.07 0.025 0)
(0.07333333333 0.025 0)
(0.07666666667 0.025 0)
(0.08 0.025 0)
(0.08333333333 0.025 0)
(0.08666666667 0.025 0)
(0.09 0.025 0)
(0.09333333333 0.025 0)
(0.09666666667 0.025 0)
(0.1 0.025 0)
(0 0.03 0)
(0.003333333333 0.03 0)
(0.006666666667 0.03 0)
(0.01 0.03 0)
(0.01333333333 0.03 0)
(0.01666666667 0.03 0)
(0.02 0.03 0)
(0.02333333333 0.03 0)
(0.02666666667 0.03 0)
(0.03 0.03 0)
(0.03333333333 0.03 0)
(0.03666666667 0.03 0)
(0.04 0.03 0)
(0.04333333333 0.03 0)
(0.04666666667 0.03 0)
(0.05 0.03 0)
(0.05333333333 0.03 0)
(0.05666666667 0.03 0)
(0.06 0.03 0)
(0.06333333333 0.03 0)
(0.06666666667 0.03 0)
(0.07 0.03 0)
(0.07333333333 0.03 0)
(0.07666666667 0.03 0)
(0.08 0.03 0)
(0.08333333333 0.03 0)
(0.08666666667 0.03 0)
(0.09 0.03 0)
(0.09333333333 0.03 0)
(0.09666666667 0.03 0)
(0.1 0.03 0)
(0 0.035 0)
(0.003333333333 0.035 0)
(0.006666666667 0.035 0)
(0.01 0.035 0)
(0.01333333333 0.035 0)
(0.01666666667 0.035 0)
(0.02 0.035 0)
(0.02333333333 0.035 0)
(0.02666666667 0.035 0)
(0.03 0.035 0)
(0.03333333333 0.035 0)
(0.03666666667 0.035 0)
(0.04 0.035 0)
(0.04333333333 0.035 0)
(0.04666666667 0.035 0)
(0.05 0.035 0)
(0.05333333333 0.035 0)
(0.05666666667 0.035 0)
(0.06 0.035 0)
(0.06333333333 0.035 0)
(0.06666666667 0.035 0)
(0.07 0.035 0)
(0.07333333333 0.035 0)
(0.07666666667 0.035 0)
(0.08 0.035 0)
(0.08333333333 0.035 0)
(0.08666666667 0.035 0)
(0.09 0.035 0)
(0.09333333333 0.035 0)
(0.09666666667 0.035 0)
(0.1 0.035 0)
(0 0.04 0)
(0.003333333333 0.04 0)
(0.006666666667 0.04 0)
(0.01 0.04 0)
(0.01333333333 0.04 0)
(0.01666666667 0.04 0)
(0.02 0.04 0)
(0.02333333333 0.04 0)
(0.02666666667 0.04 0)
(0.03 0.04 0)
(0.03333333333 0.04 0)
(0.03666666667 0.04 0)
(0.04 0.04 0)
(0.04333333333 0.04 0)
(0.04666666667 0.04 0)
(0.05 0.04 0)
(0.05333333333 0.04 0)
(0.05666666667 0.04 0)
(0.06 0.04 0)
(0.06333333333 0.04 0)
(0.06666666667 0.04 0)
(0.07 0.04 0)
(0.07333333333 0.04 0)
(0.07666666667 0.04 0)
(0.08 0.04 0)
(0.08333333333 0.04 0)
(0.08666666667 0.04 0)
(0.09 0.04 0)
(0.09333333333 0.04 0)
(0.09666666667 0.04 0)
(0.1 0.04 0)
(0 0.045 0)
(0.003333333333 0.045 0)
(0.006666666667 0.045 0)
(0.01 0.045 0)
(0.01333333333 0.045 0)
(0.01666666667 0.045 0)
(0.02 0.045 0)
(0.02333333333 0.045 0)
(0.02666666667 0.045 0)
(0.03 0.045 0)
(0.03333333333 0.045 0)
(0.03666666667 0.045 0)
(0.04 0.045 0)
(0.04333333333 0.045 0)
(0.04666666667 0.045 0)
(0.05 0.045 0)
(0.05333333333 0.045 0)
(0.05666666667 0.045 0)
(0.06 0.045 0)
(0.06333333333 0.045 0)
(0.06666666667 0.045 0)
(0.07 0.045 0)
(0.07333333333 0.045 0)
(0.07666666667 0.045 0)
(0.08 0.045 0)
(0.08333333333 0.045 0)
(0.08666666667 0.045 0)
(0.09 0.045 0)
(0.09333333333 0.045 0)
(0.09666666667 0.045 0)
(0.1 0.045 0)
(0 0.05 0)
(0.003333333333 0.05 0)
(0.006666666667 0.05 0)
(0.01 0.05 0)
(0.01333333333 0.05 0)
(0.01666666667 0.05 0)
(0.02 0.05 0)
(0.02333333333 0.05 0)
(0.02666666667 0.05 0)
(0.03 0.05 0)
(0.03333333333 0.05 0)
(0.03666666667 0.05 0)
(0.04 0.05 0)
(0.04333333333 0.05 0)
(0.04666666667 0.05 0)
(0.05 0.05 0)
(0.05333333333 0.05 0)
(0.05666666667 0.05 0)
(0.06 0.05 0)
(0.06333333333 0.05 0)
(0.06666666667 0.05 0)
(0.07 0.05 0)
(0.07333333333 0.05 0)
(0.07666666667 0.05 0)
(0.08 0.05 0)
(0.08333333333 0.05 0)
(0.08666666667 0.05 0)
(0.09 0.05 0)
(0.09333333333 0.05 0)
(0.09666666667 0.05 0)
(0.1 0.05 0)
(0 0.055 0)
(0.003333333333 0.055 0)
(0.006666666667 0.055 0)
(0.01 0.055 0)
(0.01333333333 0.055 0)
(0.01666666667 0.055 0)
(0.02 0.055 0)
(0.02333333333 0.055 0)
(0.02666666667 0.055 0)
(0.03 0.055 0)
(0.03333333333 0.055 0)
(0.03666666667 0.055 0)
(0.04 0.055 0)
(0.04333333333 0.055 0)
(0.04666666667 0.055 0)
(0.05 0.055 0)
(0.05333333333 0.055 0)
(0.05666666667 0.055 0)
(0.06 0.055 0)
(0.06333333333 0.055 0)
(0.06666666667 0.055 0)
(0.07 0.055 0)
(0.07333333333 0.055 0)
(0.07666666667 0.055 0)
(0.08 0.055 0)
(0.08333333333 0.055 0)
(0.08666666667 0.055 0)
(0.09 0.055 0)
(0.09333333333 0.055 0)
(0.09666666667 0.055 0)
(0.1 0.055 0)
(0 0.06 0)
(0.003333333333 0.06 0)
(0.006666666667 0.06 0)
(0.01 0.06 0)
(0.01333333333 0.06 0)
(0.01666666667 0.06 0)
(0.02 0.06 0)
(0.02333333333 0.06 0)
(0.02666666667 0.06 0)
(0.03 0.06 0)
(0.03333333333 0.06 0)
(0.03666666667 0.06 0)
(0.04 0.06 0)
(0.04333333333 0.06 0)
(0.04666666667 0.06 0)
(0.05 0.06 0)
(0.05333333333 0.06 0)
(0.05666666667 0.06 0)
(0.06 0.06 0)
(0.06333333333 0.06 0)
(0.06666666667 0.06 0)
(0.07 0.06 0)
(0.07333333333 0.06 0)
(0.07666666667 0.06 0)
(0.08 0.06 0)
(0.08333333333 0.06 0)
(0.08666666667 0.06 0)
(0.09 0.06 0)
(0.09333333333 0.06 0)
(0.09666666667 0.06 0)
(0.1 0.06 0)
(0 0.065 0)
(0.003333333333 0.065 0)
(0.006666666667 0.065 0)
(0.01 0.065 0)
(0.01333333333 0.065 0)
(0.01666666667 0.065 0)
(0.02 0.065 0)
(0.02333333333 0.065 0)
(0.02666666667 0.065 0)
(0.03 0.065 0)
(0.03333333333 0.065 0)
(0.03666666667 0.065 0)
(0.04 0.065 0)
(0.04333333333 0.065 0)
(0.04666666667 0.065 0)
(0.05 0.065 0)
(0.05333333333 0.065 0)
(0.05666666667 0.065 0)
(0.06 0.065 0)
(0.06333333333 0.065 0)
(0.06666666667 0.065 0)
(0.07 0.065 0)
(0.07333333333 0.065 0)
(0.07666666667 0.065 0)
(0.08 0.065 0)
(0.08333333333 0.065 0)
(0.08666666667 0.065 0)
(0.09 0.065 0)
(0.09333333333 0.065 0)
(0.09666666667 0.065 0)
(0.1 0.065 0)
(0 0.07 0)
(0.003333333333 0.07 0)
(0.006666666667 0.07 0)
(0.01 0.07 0)
(0.01333333333 0.07 0)
(0.01666666667 0.07 0)
(0.02 0.07 0)
(0.02333333333 0.07 0)
(0.02666666667 0.07 0)
(0.03 0.07 0)
(0.03333333333 0.07 0)
(0.03666666667 0.07 0)
(0.04 0.07 0)
(0.04333333333 0.07 0)
(0.04666666667 0.07 0)
(0.05 0.07 0)
(0.05333333333 0.07 0)
(0.05666666667 0.07 0)
(0.06 0.07 0)
(0.06333333333 0.07 0)
(0.06666666667 0.07 0)
(0.07 0.07 0)
(0.07333333333 0.07 0)
(0.07666666667 0.07 0)
(0.08 0.07 0)
(0.08333333333 0.07 0)
(0.08666666667 0.07 0)
(0.09 0.07 0)
(0.09333333333 0.07 0)
(0.09666666667 0.07 0)
(0.1 0.07 0)
(0 0.075 0)
(0.003333333333 0.075 0)
(0.006666666667 0.075 0)
(0.01 0.075 0)
(0.01333333333 0.075 0)
(0.01666666667 0.075 0)
(0.02 0.075 0)
(0.02333333333 0.075 0)
(0.02666666667 0.075 0)
(0.03 0.075 0)
(0.03333333333 0.075 0)
(0.03666666667 0.075 0)
(0.04 0.075 0)
(0.04333333333 0.075 0)
(0.04666666667 0.075 0)
(0.05 0.075 0)
(0.05333333333 0.075 0)
(0.05666666667 0.075 0)
(0.06 0.075 0)
(0.06333333333 0.075 0)
(0.06666666667 0.075 0)
(0.07 0.075 0)
(0.07333333333 0.075 0)
(0.07666666667 0.075 0)
(0.08 0.075 0)
(0.08333333333 0.075 0)
(0.08666666667 0.075 0)
(0.09 0.075 0)
(0.09333333333 0.075 0)
(0.09666666667 0.075 0)
(0.1 0.075 0)
(0 0.08 0)
(0.003333333333 0.08 0)
(0.006666666667 0.08 0)
(0.01 0.08 0)
(0.01333333333 0.08 0)
(0.01666666667 0.08 0)
(0.02 0.08 0)
(0.02333333333 0.08 0)
(0.02666666667 0.08 0)
(0.03 0.08 0)
(0.03333333333 0.08 0)
(0.03666666667 0.08 0)
(0.04 0.08 0)
(0.04333333333 0.08 0)
(0.04666666667 0.08 0)
(0.05 0.08 0)
(0.05333333333 0.08 0)
(0.05666666667 0.08 0)
(0.06 0.08 0)
(0.06333333333 0.08 0)
(0.06666666667 0.08 0)
(0.07 0.08 0)
(0.07333333333 0.08 0)
(0.07666666667 0.08 0)
(0.08 0.08 0)
(0.08333333333 0.08 0)
(0.08666666667 0.08 0)
(0.09 0.08 0)
(0.09333333333 0.08 0)
(0.09666666667 0.08 0)
(0.1 0.08 0)
(0 0.085 0)
(0.003333333333 0.085 0)
(0.006666666667 0.085 0)
(0.01 0.085 0)
(0.01333333333 0.085 0)
(0.01666666667 0.085 0)
(0.02 0.085 0)
(0.02333333333 0.085 0)
(0.02666666667 0.085 0)
(0.03 0.085 0)
(0.03333333333 0.085 0)
(0.03666666667 0.085 0)
(0.04 0.085 0)
(0.04333333333 0.085 0)
(0.04666666667 0.085 0)
(0.05 0.085 0)
(0.05333333333 0.085 0)
(0.05666666667 0.085 0)
(0.06 0.085 0)
(0.06333333333 0.085 0)
(0.06666666667 0.085 0)
(0.07 0.085 0)
(0.07333333333 0.085 0)
(0.07666666667 0.085 0)
(0.08 0.085 0)
(0.08333333333 0.085 0)
(0.08666666667 0.085 0)
(0.09 0.085 0)
(0.09333333333 0.085 0)
(0.09666666667 0.085 0)
(0.1 0.085 0)
(0 0.09 0)
(0.003333333333 0.09 0)
(0.006666666667 0.09 0)
(0.01 0.09 0)
(0.01333333333 0.09 0)
(0.01666666667 0.09 0)
(0.02 0.09 0)
(0.02333333333 0.09 0)
(0.02666666667 0.09 0)
(0.03 0.09 0)
(0.03333333333 0.09 0)
(0.03666666667 0.09 0)
(0.04 0.09 0)
(0.04333333333 0.09 0)
(0.04666666667 0.09 0)
(0.05 0.09 0)
(0.05333333333 0.09 0)
(0.05666666667 0.09 0)
(0.06 0.09 0)
(0.06333333333 0.09 0)
(0.06666666667 0.09 0)
(0.07 0.09 0)
(0.07333333333 0.09 0)
(0.07666666667 0.09 0)
(0.08 0.09 0)
(0.08333333333 0.09 0)
(0.08666666667 0.09 0)
(0.09 0.09 0)
(0.09333333333 0.09 0)
(0.09666666667 0.09 0)
(0.1 0.09 0)
(0 0.095 0)
(0.003333333333 0.095 0)
(0.006666666667 0.095 0)
(0.01 0.095 0)
(0.01333333333 0.095 0)
(0.01666666667 0.095 0)
(0.02 0.095 0)
(0.02333333333 0.095 0)
(0.02666666667 0.095 0)
(0.03 0.095 0)
(0.03333333333 0.095 0)
(0.03666666667 0.095 0)
(0.04 0.095 0)
(0.04333333333 0.095 0)
(0.04666666667 0.095 0)
(0.05 0.095 0)
(0.05333333333 0.095 0)
(0.05666666667 0.095 0)
(0.06 0.095 0)
(0.06333333333 0.095 0)
(0.06666666667 0.095 0)
(0.07 0.095 0)
(0.07333333333 0.095 0)
(0.07666666667 0.095 0)
(0.08 0.095 0)
(0.08333333333 0.095 0)
(0.08666666667 0.095 0)
(0.09 0.095 0)
(0.09333333333 0.095 0)
(0.09666666667 0.095 0)
(0.1 0.095 0)
(0 0.1 0)
(0.003333333333 0.1 0)
(0.006666666667 0.1 0)
(0.01 0.1 0)
(0.01333333333 0.1 0)
(0.01666666667 0.1 0)
(0.02 0.1 0)
(0.02333333333 0.1 0)
(0.02666666667 0.1 0)
(0.03 0.1 0)
(0.03333333333 0.1 0)
(0.03666666667 0.1 0)
(0.04 0.1 0)
(0.04333333333 0.1 0)
(0.04666666667 0.1 0)
(0.05 0.1 0)
(0.05333333333 0.1 0)
(0.05666666667 0.1 0)
(0.06 0.1 0)
(0.06333333333 0.1 0)
(0.06666666667 0.1 0)
(0.07 0.1 0)
(0.07333333333 0.1 0)
(0.07666666667 0.1 0)
(0.08 0.1 0)
(0.08333333333 0.1 0)
(0.08666666667 0.1 0)
(0.09 0.1 0)
(0.09333333333 0.1 0)
(0.09666666667 0.1 0)
(0.1 0.1 0)
(0 0 0.01)
(0.003333333333 0 0.01)
(0.006666666667 0 0.01)
(0.01 0 0.01)
(0.01333333333 0 0.01)
(0.01666666667 0 0.01)
(0.02 0 0.01)
(0.02333333333 0 0.01)
(0.02666666667 0 0.01)
(0.03 0 0.01)
(0.03333333333 0 0.01)
(0.03666666667 0 0.01)
(0.04 0 0.01)
(0.04333333333 0 0.01)
(0.04666666667 0 0.01)
(0.05 0 0.01)
(0.05333333333 0 0.01)
(0.05666666667 0 0.01)
(0.06 0 0.01)
(0.06333333333 0 0.01)
(0.06666666667 0 0.01)
(0.07 0 0.01)
(0.07333333333 0 0.01)
(0.07666666667 0 0.01)
(0.08 0 0.01)
(0.08333333333 0 0.01)
(0.08666666667 0 0.01)
(0.09 0 0.01)
(0.09333333333 0 0.01)
(0.09666666667 0 0.01)
(0.1 0 0.01)
(0 0.005 0.01)
(0.003333333333 0.005 0.01)
(0.006666666667 0.005 0.01)
(0.01 0.005 0.01)
(0.01333333333 0.005 0.01)
(0.01666666667 0.005 0.01)
(0.02 0.005 0.01)
(0.02333333333 0.005 0.01)
(0.02666666667 0.005 0.01)
(0.03 0.005 0.01)
(0.03333333333 0.005 0.01)
(0.03666666667 0.005 0.01)
(0.04 0.005 0.01)
(0.04333333333 0.005 0.01)
(0.04666666667 0.005 0.01)
(0.05 0.005 0.01)
(0.05333333333 0.005 0.01)
(0.05666666667 0.005 0.01)
(0.06 0.005 0.01)
(0.06333333333 0.005 0.01)
(0.06666666667 0.005 0.01)
(0.07 0.005 0.01)
(0.07333333333 0.005 0.01)
(0.07666666667 0.005 0.01)
(0.08 0.005 0.01)
(0.08333333333 0.005 0.01)
(0.08666666667 0.005 0.01)
(0.09 0.005 0.01)
(0.09333333333 0.005 0.01)
(0.09666666667 0.005 0.01)
(0.1 0.005 0.01)
(0 0.01 0.01)
(0.003333333333 0.01 0.01)
(0.006666666667 0.01 0.01)
(0.01 0.01 0.01)
(0.01333333333 0.01 0.01)
(0.01666666667 0.01 0.01)
(0.02 0.01 0.01)
(0.02333333333 0.01 0.01)
(0.02666666667 0.01 0.01)
(0.03 0.01 0.01)
(0.03333333333 0.01 0.01)
(0.03666666667 0.01 0.01)
(0.04 0.01 0.01)
(0.04333333333 0.01 0.01)
(0.04666666667 0.01 0.01)
(0.05 0.01 0.01)
(0.05333333333 0.01 0.01)
(0.05666666667 0.01 0.01)
(0.06 0.01 0.01)
(0.06333333333 0.01 0.01)
(0.06666666667 0.01 0.01)
(0.07 0.01 0.01)
(0.07333333333 0.01 0.01)
(0.07666666667 0.01 0.01)
(0.08 0.01 0.01)
(0.08333333333 0.01 0.01)
(0.08666666667 0.01 0.01)
(0.09 0.01 0.01)
(0.09333333333 0.01 0.01)
(0.09666666667 0.01 0.01)
(0.1 0.01 0.01)
(0 0.015 0.01)
(0.003333333333 0.015 0.01)
(0.006666666667 0.015 0.01)
(0.01 0.015 0.01)
(0.01333333333 0.015 0.01)
(0.01666666667 0.015 0.01)
(0.02 0.015 0.01)
(0.02333333333 0.015 0.01)
(0.02666666667 0.015 0.01)
(0.03 0.015 0.01)
(0.03333333333 0.015 0.01)
(0.03666666667 0.015 0.01)
(0.04 0.015 0.01)
(0.04333333333 0.015 0.01)
(0.04666666667 0.015 0.01)
(0.05 0.015 0.01)
(0.05333333333 0.015 0.01)
(0.05666666667 0.015 0.01)
(0.06 0.015 0.01)
(0.06333333333 0.015 0.01)
(0.06666666667 0.015 0.01)
(0.07 0.015 0.01)
(0.07333333333 0.015 0.01)
(0.07666666667 0.015 0.01)
(0.08 0.015 0.01)
(0.08333333333 0.015 0.01)
(0.08666666667 0.015 0.01)
(0.09 0.015 0.01)
(0.09333333333 0.015 0.01)
(0.09666666667 0.015 0.01)
(0.1 0.015 0.01)
(0 0.02 0.01)
(0.003333333333 0.02 0.01)
(0.006666666667 0.02 0.01)
(0.01 0.02 0.01)
(0.01333333333 0.02 0.01)
(0.01666666667 0.02 0.01)
(0.02 0.02 0.01)
(0.02333333333 0.02 0.01)
(0.02666666667 0.02 0.01)
(0.03 0.02 0.01)
(0.03333333333 0.02 0.01)
(0.03666666667 0.02 0.01)
(0.04 0.02 0.01)
(0.04333333333 0.02 0.01)
(0.04666666667 0.02 0.01)
(0.05 0.02 0.01)
(0.05333333333 0.02 0.01)
(0.05666666667 0.02 0.01)
(0.06 0.02 0.01)
(0.06333333333 0.02 0.01)
(0.06666666667 0.02 0.01)
(0.07 0.02 0.01)
(0.07333333333 0.02 0.01)
(0.07666666667 0.02 0.01)
(0.08 0.02 0.01)
(0.08333333333 0.02 0.01)
(0.08666666667 0.02 0.01)
(0.09 0.02 0.01)
(0.09333333333 0.02 0.01)
(0.09666666667 0.02 0.01)
(0.1 0.02 0.01)
(0 0.025 0.01)
(0.003333333333 0.025 0.01)
(0.006666666667 0.025 0.01)
(0.01 0.025 0.01)
(0.01333333333 0.025 0.01)
(0.01666666667 0.025 0.01)
(0.02 0.025 0.01)
(0.02333333333 0.025 0.01)
(0.02666666667 0.025 0.01)
(0.03 0.025 0.01)
(0.03333333333 0.025 0.01)
(0.03666666667 0.025 0.01)
(0.04 0.025 0.01)
(0.04333333333 0.025 0.01)
(0.04666666667 0.025 0.01)
(0.05 0.025 0.01)
(0.05333333333 0.025 0.01)
(0.05666666667 0.025 0.01)
(0.06 0.025 0.01)
(0.06333333333 0.025 0.01)
(0.06666666667 0.025 0.01)
(0.07 0.025 0.01)
(0.07333333333 0.025 0.01)
(0.07666666667 0.025 0.01)
(0.08 0.025 0.01)
(0.08333333333 0.025 0.01)
(0.08666666667 0.025 0.01)
(0.09 0.025 0.01)
(0.09333333333 0.025 0.01)
(0.09666666667 0.025 0.01)
(0.1 0.025 0.01)
(0 0.03 0.01)
(0.003333333333 0.03 0.01)
(0.006666666667 0.03 0.01)
(0.01 0.03 0.01)
(0.01333333333 0.03 0.01)
(0.01666666667 0.03 0.01)
(0.02 0.03 0.01)
(0.02333333333 0.03 0.01)
(0.02666666667 0.03 0.01)
(0.03 0.03 0.01)
(0.03333333333 0.03 0.01)
(0.03666666667 0.03 0.01)
(0.04 0.03 0.01)
(0.04333333333 0.03 0.01)
(0.04666666667 0.03 0.01)
(0.05 0.03 0.01)
(0.05333333333 0.03 0.01)
(0.05666666667 0.03 0.01)
(0.06 0.03 0.01)
(0.06333333333 0.03 0.01)
(0.06666666667 0.03 0.01)
(0.07 0.03 0.01)
(0.07333333333 0.03 0.01)
(0.07666666667 0.03 0.01)
(0.08 0.03 0.01)
(0.08333333333 0.03 0.01)
(0.08666666667 0.03 0.01)
(0.09 0.03 0.01)
(0.09333333333 0.03 0.01)
(0.09666666667 0.03 0.01)
(0.1 0.03 0.01)
(0 0.035 0.01)
(0.003333333333 0.035 0.01)
(0.006666666667 0.035 0.01)
(0.01 0.035 0.01)
(0.01333333333 0.035 0.01)
(0.01666666667 0.035 0.01)
(0.02 0.035 0.01)
(0.02333333333 0.035 0.01)
(0.02666666667 0.035 0.01)
(0.03 0.035 0.01)
(0.03333333333 0.035 0.01)
(0.03666666667 0.035 0.01)
(0.04 0.035 0.01)
(0.04333333333 0.035 0.01)
(0.04666666667 0.035 0.01)
(0.05 0.035 0.01)
(0.05333333333 0.035 0.01)
(0.05666666667 0.035 0.01)
(0.06 0.035 0.01)
(0.06333333333 0.035 0.01)
(0.06666666667 0.035 0.01)
(0.07 0.035 0.01)
(0.07333333333 0.035 0.01)
(0.07666666667 0.035 0.01)
(0.08 0.035 0.01)
(0.08333333333 0.035 0.01)
(0.08666666667 0.035 0.01)
(0.09 0.035 0.01)
(0.09333333333 0.035 0.01)
(0.09666666667 0.035 0.01)
(0.1 0.035 0.01)
(0 0.04 0.01)
(0.003333333333 0.04 0.01)
(0.006666666667 0.04 0.01)
(0.01 0.04 0.01)
(0.01333333333 0.04 0.01)
(0.01666666667 0.04 0.01)
(0.02 0.04 0.01)
(0.02333333333 0.04 0.01)
(0.02666666667 0.04 0.01)
(0.03 0.04 0.01)
(0.03333333333 0.04 0.01)
(0.03666666667 0.04 0.01)
(0.04 0.04 0.01)
(0.04333333333 0.04 0.01)
(0.04666666667 0.04 0.01)
(0.05 0.04 0.01)
(0.05333333333 0.04 0.01)
(0.05666666667 0.04 0.01)
(0.06 0.04 0.01)
(0.06333333333 0.04 0.01)
(0.06666666667 0.04 0.01)
(0.07 0.04 0.01)
(0.07333333333 0.04 0.01)
(0.07666666667 0.04 0.01)
(0.08 0.04 0.01)
(0.08333333333 0.04 0.01)
(0.08666666667 0.04 0.01)
(0.09 0.04 0.01)
(0.09333333333 0.04 0.01)
(0.09666666667 0.04 0.01)
(0.1 0.04 0.01)
(0 0.045 0.01)
(0.003333333333 0.045 0.01)
(0.006666666667 0.045 0.01)
(0.01 0.045 0.01)
(0.01333333333 0.045 0.01)
(0.01666666667 0.045 0.01)
(0.02 0.045 0.01)
(0.02333333333 0.045 0.01)
(0.02666666667 0.045 0.01)
(0.03 0.045 0.01)
(0.03333333333 0.045 0.01)
(0.03666666667 0.045 0.01)
(0.04 0.045 0.01)
(0.04333333333 0.045 0.01)
(0.04666666667 0.045 0.01)
(0.05 0.045 0.01)
(0.05333333333 0.045 0.01)
(0.05666666667 0.045 0.01)
(0.06 0.045 0.01)
(0.06333333333 0.045 0.01)
(0.06666666667 0.045 0.01)
(0.07 0.045 0.01)
(0.07333333333 0.045 0.01)
(0.07666666667 0.045 0.01)
(0.08 0.045 0.01)
(0.08333333333 0.045 0.01)
(0.08666666667 0.045 0.01)
(0.09 0.045 0.01)
(0.09333333333 0.045 0.01)
(0.09666666667 0.045 0.01)
(0.1 0.045 0.01)
(0 0.05 0.01)
(0.003333333333 0.05 0.01)
(0.006666666667 0.05 0.01)
(0.01 0.05 0.01)
(0.01333333333 0.05 0.01)
(0.01666666667 0.05 0.01)
(0.02 0.05 0.01)
(0.02333333333 0.05 0.01)
(0.02666666667 0.05 0.01)
(0.03 0.05 0.01)
(0.03333333333 0.05 0.01)
(0.03666666667 0.05 0.01)
(0.04 0.05 0.01)
(0.04333333333 0.05 0.01)
(0.04666666667 0.05 0.01)
(0.05 0.05 0.01)
(0.05333333333 0.05 0.01)
(0.05666666667 0.05 0.01)
(0.06 0.05 0.01)
(0.06333333333 0.05 0.01)
(0.06666666667 0.05 0.01)
(0.07 0.05 0.01)
(0.07333333333 0.05 0.01)
(0.07666666667 0.05 0.01)
(0.08 0.05 0.01)
(0.08333333333 0.05 0.01)
(0.08666666667 0.05 0.01)
(0.09 0.05 0.01)
(0.09333333333 0.05 0.01)
(0.09666666667 0.05 0.01)
(0.1 0.05 0.01)
(0 0.055 0.01)
(0.003333333333 0.055 0.01)
(0.006666666667 0.055 0.01)
(0.01 0.055 0.01)
(0.01333333333 0.055 0.01)
(0.01666666667 0.055 0.01)
(0.02 0.055 0.01)
(0.02333333333 0.055 0.01)
(0.02666666667 0.055 0.01)
(0.03 0.055 0.01)
(0.03333333333 0.055 0.01)
(0.03666666667 0.055 0.01)
(0.04 0.055 0.01)
(0.04333333333 0.055 0.01)
(0.04666666667 0.055 0.01)
(0.05 0.055 0.01)
(0.05333333333 0.055 0.01)
(0.05666666667 0.055 0.01)
(0.06 0.055 0.01)
(0.06333333333 0.055 0.01)
(0.06666666667 0.055 0.01)
(0.07 0.055 0.01)
(0.07333333333 0.055 0.01)
(0.07666666667 0.055 0.01)
(0.08 0.055 0.01)
(0.08333333333 0.055 0.01)
(0.08666666667 0.055 0.01)
(0.09 0.055 0.01)
(0.09333333333 0.055 0.01)
(0.09666666667 0.055 0.01)
(0.1 0.055 0.01)
(0 0.06 0.01)
(0.003333333333 0.06 0.01)
(0.006666666667 0.06 0.01)
(0.01 0.06 0.01)
(0.01333333333 0.06 0.01)
(0.01666666667 0.06 0.01)
(0.02 0.06 0.01)
(0.02333333333 0.06 0.01)
(0.02666666667 0.06 0.01)
(0.03 0.06 0.01)
(0.03333333333 0.06 0.01)
(0.03666666667 0.06 0.01)
(0.04 0.06 0.01)
(0.04333333333 0.06 0.01)
(0.04666666667 0.06 0.01)
(0.05 0.06 0.01)
(0.05333333333 0.06 0.01)
(0.05666666667 0.06 0.01)
(0.06 0.06 0.01)
(0.06333333333 0.06 0.01)
(0.06666666667 0.06 0.01)
(0.07 0.06 0.01)
(0.07333333333 0.06 0.01)
(0.07666666667 0.06 0.01)
(0.08 0.06 0.01)
(0.08333333333 0.06 0.01)
(0.08666666667 0.06 0.01)
(0.09 0.06 0.01)
(0.09333333333 0.06 0.01)
(0.09666666667 0.06 0.01)
(0.1 0.06 0.01)
(0 0.065 0.01)
(0.003333333333 0.065 0.01)
(0.006666666667 0.065 0.01)
(0.01 0.065 0.01)
(0.01333333333 0.065 0.01)
(0.01666666667 0.065 0.01)
(0.02 0.065 0.01)
(0.02333333333 0.065 0.01)
(0.02666666667 0.065 0.01)
(0.03 0.065 0.01)
(0.03333333333 0.065 0.01)
(0.03666666667 0.065 0.01)
(0.04 0.065 0.01)
(0.04333333333 0.065 0.01)
(0.04666666667 0.065 0.01)
(0.05 0.065 0.01)
(0.05333333333 0.065 0.01)
(0.05666666667 0.065 0.01)
(0.06 0.065 0.01)
(0.06333333333 0.065 0.01)
(0.06666666667 0.065 0.01)
(0.07 0.065 0.01)
(0.07333333333 0.065 0.01)
(0.07666666667 0.065 0.01)
(0.08 0.065 0.01)
(0.08333333333 0.065 0.01)
(0.08666666667 0.065 0.01)
(0.09 0.065 0.01)
(0.09333333333 0.065 0.01)
(0.09666666667 0.065 0.01)
(0.1 0.065 0.01)
(0 0.07 0.01)
(0.003333333333 0.07 0.01)
(0.006666666667 0.07 0.01)
(0.01 0.07 0.01)
(0.01333333333 0.07 0.01)
(0.01666666667 0.07 0.01)
(0.02 0.07 0.01)
(0.02333333333 0.07 0.01)
(0.02666666667 0.07 0.01)
(0.03 0.07 0.01)
(0.03333333333 0.07 0.01)
(0.03666666667 0.07 0.01)
(0.04 0.07 0.01)
(0.04333333333 0.07 0.01)
(0.04666666667 0.07 0.01)
(0.05 0.07 0.01)
(0.05333333333 0.07 0.01)
(0.05666666667 0.07 0.01)
(0.06 0.07 0.01)
(0.06333333333 0.07 0.01)
(0.06666666667 0.07 0.01)
(0.07 0.07 0.01)
(0.07333333333 0.07 0.01)
(0.07666666667 0.07 0.01)
(0.08 0.07 0.01)
(0.08333333333 0.07 0.01)
(0.08666666667 0.07 0.01)
(0.09 0.07 0.01)
(0.09333333333 0.07 0.01)
(0.09666666667 0.07 0.01)
(0.1 0.07 0.01)
(0 0.075 0.01)
(0.003333333333 0.075 0.01)
(0.006666666667 0.075 0.01)
(0.01 0.075 0.01)
(0.01333333333 0.075 0.01)
(0.01666666667 0.075 0.01)
(0.02 0.075 0.01)
(0.02333333333 0.075 0.01)
(0.02666666667 0.075 0.01)
(0.03 0.075 0.01)
(0.03333333333 0.075 0.01)
(0.03666666667 0.075 0.01)
(0.04 0.075 0.01)
(0.04333333333 0.075 0.01)
(0.04666666667 0.075 0.01)
(0.05 0.075 0.01)
(0.05333333333 0.075 0.01)
(0.05666666667 0.075 0.01)
(0.06 0.075 0.01)
(0.06333333333 0.075 0.01)
(0.06666666667 0.075 0.01)
(0.07 0.075 0.01)
(0.07333333333 0.075 0.01)
(0.07666666667 0.075 0.01)
(0.08 0.075 0.01)
(0.08333333333 0.075 0.01)
(0.08666666667 0.075 0.01)
(0.09 0.075 0.01)
(0.09333333333 0.075 0.01)
(0.09666666667 0.075 0.01)
(0.1 0.075 0.01)
(0 0.08 0.01)
(0.003333333333 0.08 0.01)
(0.006666666667 0.08 0.01)
(0.01 0.08 0.01)
(0.01333333333 0.08 0.01)
(0.01666666667 0.08 0.01)
(0.02 0.08 0.01)
(0.02333333333 0.08 0.01)
(0.02666666667 0.08 0.01)
(0.03 0.08 0.01)
(0.03333333333 0.08 0.01)
(0.03666666667 0.08 0.01)
(0.04 0.08 0.01)
(0.04333333333 0.08 0.01)
(0.04666666667 0.08 0.01)
(0.05 0.08 0.01)
(0.05333333333 0.08 0.01)
(0.05666666667 0.08 0.01)
(0.06 0.08 0.01)
(0.06333333333 0.08 0.01)
(0.06666666667 0.08 0.01)
(0.07 0.08 0.01)
(0.07333333333 0.08 0.01)
(0.07666666667 0.08 0.01)
(0.08 0.08 0.01)
(0.08333333333 0.08 0.01)
(0.08666666667 0.08 0.01)
(0.09 0.08 0.01)
(0.09333333333 0.08 0.01)
(0.09666666667 0.08 0.01)
(0.1 0.08 0.01)
(0 0.085 0.01)
(0.003333333333 0.085 0.01)
(0.006666666667 0.085 0.01)
(0.01 0.085 0.01)
(0.01333333333 0.085 0.01)
(0.01666666667 0.085 0.01)
(0.02 0.085 0.01)
(0.02333333333 0.085 0.01)
(0.02666666667 0.085 0.01)
(0.03 0.085 0.01)
(0.03333333333 0.085 0.01)
(0.03666666667 0.085 0.01)
(0.04 0.085 0.01)
(0.04333333333 0.085 0.01)
(0.04666666667 0.085 0.01)
(0.05 0.085 0.01)
(0.05333333333 0.085 0.01)
(0.05666666667 0.085 0.01)
(0.06 0.085 0.01)
(0.06333333333 0.085 0.01)
(0.06666666667 0.085 0.01)
(0.07 0.085 0.01)
(0.07333333333 0.085 0.01)
(0.07666666667 0.085 0.01)
(0.08 0.085 0.01)
(0.08333333333 0.085 0.01)
(0.08666666667 0.085 0.01)
(0.09 0.085 0.01)
(0.09333333333 0.085 0.01)
(0.09666666667 0.085 0.01)
(0.1 0.085 0.01)
(0 0.09 0.01)
(0.003333333333 0.09 0.01)
(0.006666666667 0.09 0.01)
(0.01 0.09 0.01)
(0.01333333333 0.09 0.01)
(0.01666666667 0.09 0.01)
(0.02 0.09 0.01)
(0.02333333333 0.09 0.01)
(0.02666666667 0.09 0.01)
(0.03 0.09 0.01)
(0.03333333333 0.09 0.01)
(0.03666666667 0.09 0.01)
(0.04 0.09 0.01)
(0.04333333333 0.09 0.01)
(0.04666666667 0.09 0.01)
(0.05 0.09 0.01)
(0.05333333333 0.09 0.01)
(0.05666666667 0.09 0.01)
(0.06 0.09 0.01)
(0.06333333333 0.09 0.01)
(0.06666666667 0.09 0.01)
(0.07 0.09 0.01)
(0.07333333333 0.09 0.01)
(0.07666666667 0.09 0.01)
(0.08 0.09 0.01)
(0.08333333333 0.09 0.01)
(0.08666666667 0.09 0.01)
(0.09 0.09 0.01)
(0.09333333333 0.09 0.01)
(0.09666666667 0.09 0.01)
(0.1 0.09 0.01)
(0 0.095 0.01)
(0.003333333333 0.095 0.01)
(0.006666666667 0.095 0.01)
(0.01 0.095 0.01)
(0.01333333333 0.095 0.01)
(0.01666666667 0.095 0.01)
(0.02 0.095 0.01)
(0.02333333333 0.095 0.01)
(0.02666666667 0.095 0.01)
(0.03 0.095 0.01)
(0.03333333333 0.095 0.01)
(0.03666666667 0.095 0.01)
(0.04 0.095 0.01)
(0.04333333333 0.095 0.01)
(0.04666666667 0.095 0.01)
(0.05 0.095 0.01)
(0.05333333333 0.095 0.01)
(0.05666666667 0.095 0.01)
(0.06 0.095 0.01)
(0.06333333333 0.095 0.01)
(0.06666666667 0.095 0.01)
(0.07 0.095 0.01)
(0.07333333333 0.095 0.01)
(0.07666666667 0.095 0.01)
(0.08 0.095 0.01)
(0.08333333333 0.095 0.01)
(0.08666666667 0.095 0.01)
(0.09 0.095 0.01)
(0.09333333333 0.095 0.01)
(0.09666666667 0.095 0.01)
(0.1 0.095 0.01)
(0 0.1 0.01)
(0.003333333333 0.1 0.01)
(0.006666666667 0.1 0.01)
(0.01 0.1 0.01)
(0.01333333333 0.1 0.01)
(0.01666666667 0.1 0.01)
(0.02 0.1 0.01)
(0.02333333333 0.1 0.01)
(0.02666666667 0.1 0.01)
(0.03 0.1 0.01)
(0.03333333333 0.1 0.01)
(0.03666666667 0.1 0.01)
(0.04 0.1 0.01)
(0.04333333333 0.1 0.01)
(0.04666666667 0.1 0.01)
(0.05 0.1 0.01)
(0.05333333333 0.1 0.01)
(0.05666666667 0.1 0.01)
(0.06 0.1 0.01)
(0.06333333333 0.1 0.01)
(0.06666666667 0.1 0.01)
(0.07 0.1 0.01)
(0.07333333333 0.1 0.01)
(0.07666666667 0.1 0.01)
(0.08 0.1 0.01)
(0.08333333333 0.1 0.01)
(0.08666666667 0.1 0.01)
(0.09 0.1 0.01)
(0.09333333333 0.1 0.01)
(0.09666666667 0.1 0.01)
(0.1 0.1 0.01)
)


// ************************************************************************* //
