/*--------------------------------*- C++ -*----------------------------------*\
  =========                 |
  \\      /  F ield         | OpenFOAM: The Open Source CFD Toolbox
   \\    /   O peration     | Website:  https://openfoam.org
    \\  /    A nd           | Version:  7
     \\/     M anipulation  |
\*---------------------------------------------------------------------------*/
FoamFile
{
    version     2.0;
    format      ascii;
    class       labelList;
    note        "nPoints: 15650 nCells: 7540 nFaces: 30444 nInternalFaces: 14796";
    location    "constant/polyMesh";
    object      neighbour;
}
// * * * * * * * * * * * * * * * * * * * * * * * * * * * * * * * * * * * * * //


14796
(
1
20
2
21
3
22
4
23
5
24
6
25
7
26
8
27
9
28
10
29
11
30
12
31
13
32
14
33
15
34
16
35
17
36
18
37
19
38
39
400
21
40
22
41
23
42
24
43
25
44
26
45
27
46
28
47
29
48
30
49
31
50
32
51
33
52
34
53
35
54
36
55
37
56
38
57
39
58
59
420
41
60
42
61
43
62
44
63
45
64
46
65
47
66
48
67
49
68
50
69
51
70
52
71
53
72
54
73
55
74
56
75
57
76
58
77
59
78
79
440
61
80
62
81
63
82
64
83
65
84
66
85
67
86
68
87
69
88
70
89
71
90
72
91
73
92
74
93
75
94
76
95
77
96
78
97
79
98
99
460
81
100
82
101
83
102
84
103
85
104
86
105
87
106
88
107
89
108
90
109
91
110
92
111
93
112
94
113
95
114
96
115
97
116
98
117
99
118
119
480
101
120
102
121
103
122
104
123
105
124
106
125
107
126
108
127
109
128
110
129
111
130
112
131
113
132
114
133
115
134
116
135
117
136
118
137
119
138
139
500
121
140
122
141
123
142
124
143
125
144
126
145
127
146
128
147
129
148
130
149
131
150
132
151
133
152
134
153
135
154
136
155
137
156
138
157
139
158
159
520
141
160
142
161
143
162
144
163
145
164
146
165
147
166
148
167
149
168
150
169
151
170
152
171
153
172
154
173
155
174
156
175
157
176
158
177
159
178
179
540
161
180
162
181
163
182
164
183
165
184
166
185
167
186
168
187
169
188
170
189
171
190
172
191
173
192
174
193
175
194
176
195
177
196
178
197
179
198
199
560
181
200
182
201
183
202
184
203
185
204
186
205
187
206
188
207
189
208
190
209
191
210
192
211
193
212
194
213
195
214
196
215
197
216
198
217
199
218
219
580
201
220
202
221
203
222
204
223
205
224
206
225
207
226
208
227
209
228
210
229
211
230
212
231
213
232
214
233
215
234
216
235
217
236
218
237
219
238
239
600
221
240
222
241
223
242
224
243
225
244
226
245
227
246
228
247
229
248
230
249
231
250
232
251
233
252
234
253
235
254
236
255
237
256
238
257
239
258
259
620
241
260
242
261
243
262
244
263
245
264
246
265
247
266
248
267
249
268
250
269
251
270
252
271
253
272
254
273
255
274
256
275
257
276
258
277
259
278
279
640
261
280
262
281
263
282
264
283
265
284
266
285
267
286
268
287
269
288
270
289
271
290
272
291
273
292
274
293
275
294
276
295
277
296
278
297
279
298
299
660
281
300
282
301
283
302
284
303
285
304
286
305
287
306
288
307
289
308
290
309
291
310
292
311
293
312
294
313
295
314
296
315
297
316
298
317
299
318
319
680
301
320
302
321
303
322
304
323
305
324
306
325
307
326
308
327
309
328
310
329
311
330
312
331
313
332
314
333
315
334
316
335
317
336
318
337
319
338
339
700
321
340
322
341
323
342
324
343
325
344
326
345
327
346
328
347
329
348
330
349
331
350
332
351
333
352
334
353
335
354
336
355
337
356
338
357
339
358
359
720
341
360
342
361
343
362
344
363
345
364
346
365
347
366
348
367
349
368
350
369
351
370
352
371
353
372
354
373
355
374
356
375
357
376
358
377
359
378
379
740
361
380
362
381
363
382
364
383
365
384
366
385
367
386
368
387
369
388
370
389
371
390
372
391
373
392
374
393
375
394
376
395
377
396
378
397
379
398
399
760
381
1920
382
1921
383
1922
384
1923
385
1924
386
1925
387
1926
388
1927
389
1928
390
1929
391
1930
392
1931
393
1932
394
1933
395
1934
396
1935
397
1936
398
1937
399
1938
780
1939
401
420
402
421
403
422
404
423
405
424
406
425
407
426
408
427
409
428
410
429
411
430
412
431
413
432
414
433
415
434
416
435
417
436
418
437
419
438
439
800
421
440
422
441
423
442
424
443
425
444
426
445
427
446
428
447
429
448
430
449
431
450
432
451
433
452
434
453
435
454
436
455
437
456
438
457
439
458
459
856
441
460
442
461
443
462
444
463
445
464
446
465
447
466
448
467
449
468
450
469
451
470
452
471
453
472
454
473
455
474
456
475
457
476
458
477
459
478
479
912
461
480
462
481
463
482
464
483
465
484
466
485
467
486
468
487
469
488
470
489
471
490
472
491
473
492
474
493
475
494
476
495
477
496
478
497
479
498
499
968
481
500
482
501
483
502
484
503
485
504
486
505
487
506
488
507
489
508
490
509
491
510
492
511
493
512
494
513
495
514
496
515
497
516
498
517
499
518
519
1024
501
520
502
521
503
522
504
523
505
524
506
525
507
526
508
527
509
528
510
529
511
530
512
531
513
532
514
533
515
534
516
535
517
536
518
537
519
538
539
1080
521
540
522
541
523
542
524
543
525
544
526
545
527
546
528
547
529
548
530
549
531
550
532
551
533
552
534
553
535
554
536
555
537
556
538
557
539
558
559
1136
541
560
542
561
543
562
544
563
545
564
546
565
547
566
548
567
549
568
550
569
551
570
552
571
553
572
554
573
555
574
556
575
557
576
558
577
559
578
579
1192
561
580
562
581
563
582
564
583
565
584
566
585
567
586
568
587
569
588
570
589
571
590
572
591
573
592
574
593
575
594
576
595
577
596
578
597
579
598
599
1248
581
600
582
601
583
602
584
603
585
604
586
605
587
606
588
607
589
608
590
609
591
610
592
611
593
612
594
613
595
614
596
615
597
616
598
617
599
618
619
1304
601
620
602
621
603
622
604
623
605
624
606
625
607
626
608
627
609
628
610
629
611
630
612
631
613
632
614
633
615
634
616
635
617
636
618
637
619
638
639
1360
621
640
622
641
623
642
624
643
625
644
626
645
627
646
628
647
629
648
630
649
631
650
632
651
633
652
634
653
635
654
636
655
637
656
638
657
639
658
659
1416
641
660
642
661
643
662
644
663
645
664
646
665
647
666
648
667
649
668
650
669
651
670
652
671
653
672
654
673
655
674
656
675
657
676
658
677
659
678
679
1472
661
680
662
681
663
682
664
683
665
684
666
685
667
686
668
687
669
688
670
689
671
690
672
691
673
692
674
693
675
694
676
695
677
696
678
697
679
698
699
1528
681
700
682
701
683
702
684
703
685
704
686
705
687
706
688
707
689
708
690
709
691
710
692
711
693
712
694
713
695
714
696
715
697
716
698
717
699
718
719
1584
701
720
702
721
703
722
704
723
705
724
706
725
707
726
708
727
709
728
710
729
711
730
712
731
713
732
714
733
715
734
716
735
717
736
718
737
719
738
739
1640
721
740
722
741
723
742
724
743
725
744
726
745
727
746
728
747
729
748
730
749
731
750
732
751
733
752
734
753
735
754
736
755
737
756
738
757
739
758
759
1696
741
760
742
761
743
762
744
763
745
764
746
765
747
766
748
767
749
768
750
769
751
770
752
771
753
772
754
773
755
774
756
775
757
776
758
777
759
778
779
1752
761
780
762
781
763
782
764
783
765
784
766
785
767
786
768
787
769
788
770
789
771
790
772
791
773
792
774
793
775
794
776
795
777
796
778
797
779
798
799
1808
781
2520
782
2521
783
2522
784
2523
785
2524
786
2525
787
2526
788
2527
789
2528
790
2529
791
2530
792
2531
793
2532
794
2533
795
2534
796
2535
797
2536
798
2537
799
2538
1864
2539
801
856
802
857
803
858
804
859
805
860
806
861
807
862
808
863
809
864
810
865
811
866
812
867
813
868
814
869
815
870
816
871
817
872
818
873
819
874
820
875
821
876
822
877
823
878
824
879
825
880
826
881
827
882
828
883
829
884
830
885
831
886
832
887
833
888
834
889
835
890
836
891
837
892
838
893
839
894
840
895
841
896
842
897
843
898
844
899
845
900
846
901
847
902
848
903
849
904
850
905
851
906
852
907
853
908
854
909
855
910
911
857
912
858
913
859
914
860
915
861
916
862
917
863
918
864
919
865
920
866
921
867
922
868
923
869
924
870
925
871
926
872
927
873
928
874
929
875
930
876
931
877
932
878
933
879
934
880
935
881
936
882
937
883
938
884
939
885
940
886
941
887
942
888
943
889
944
890
945
891
946
892
947
893
948
894
949
895
950
896
951
897
952
898
953
899
954
900
955
901
956
902
957
903
958
904
959
905
960
906
961
907
962
908
963
909
964
910
965
911
966
967
913
968
914
969
915
970
916
971
917
972
918
973
919
974
920
975
921
976
922
977
923
978
924
979
925
980
926
981
927
982
928
983
929
984
930
985
931
986
932
987
933
988
934
989
935
990
936
991
937
992
938
993
939
994
940
995
941
996
942
997
943
998
944
999
945
1000
946
1001
947
1002
948
1003
949
1004
950
1005
951
1006
952
1007
953
1008
954
1009
955
1010
956
1011
957
1012
958
1013
959
1014
960
1015
961
1016
962
1017
963
1018
964
1019
965
1020
966
1021
967
1022
1023
969
1024
970
1025
971
1026
972
1027
973
1028
974
1029
975
1030
976
1031
977
1032
978
1033
979
1034
980
1035
981
1036
982
1037
983
1038
984
1039
985
1040
986
1041
987
1042
988
1043
989
1044
990
1045
991
1046
992
1047
993
1048
994
1049
995
1050
996
1051
997
1052
998
1053
999
1054
1000
1055
1001
1056
1002
1057
1003
1058
1004
1059
1005
1060
1006
1061
1007
1062
1008
1063
1009
1064
1010
1065
1011
1066
1012
1067
1013
1068
1014
1069
1015
1070
1016
1071
1017
1072
1018
1073
1019
1074
1020
1075
1021
1076
1022
1077
1023
1078
1079
1025
1080
1026
1081
1027
1082
1028
1083
1029
1084
1030
1085
1031
1086
1032
1087
1033
1088
1034
1089
1035
1090
1036
1091
1037
1092
1038
1093
1039
1094
1040
1095
1041
1096
1042
1097
1043
1098
1044
1099
1045
1100
1046
1101
1047
1102
1048
1103
1049
1104
1050
1105
1051
1106
1052
1107
1053
1108
1054
1109
1055
1110
1056
1111
1057
1112
1058
1113
1059
1114
1060
1115
1061
1116
1062
1117
1063
1118
1064
1119
1065
1120
1066
1121
1067
1122
1068
1123
1069
1124
1070
1125
1071
1126
1072
1127
1073
1128
1074
1129
1075
1130
1076
1131
1077
1132
1078
1133
1079
1134
1135
1081
1136
1082
1137
1083
1138
1084
1139
1085
1140
1086
1141
1087
1142
1088
1143
1089
1144
1090
1145
1091
1146
1092
1147
1093
1148
1094
1149
1095
1150
1096
1151
1097
1152
1098
1153
1099
1154
1100
1155
1101
1156
1102
1157
1103
1158
1104
1159
1105
1160
1106
1161
1107
1162
1108
1163
1109
1164
1110
1165
1111
1166
1112
1167
1113
1168
1114
1169
1115
1170
1116
1171
1117
1172
1118
1173
1119
1174
1120
1175
1121
1176
1122
1177
1123
1178
1124
1179
1125
1180
1126
1181
1127
1182
1128
1183
1129
1184
1130
1185
1131
1186
1132
1187
1133
1188
1134
1189
1135
1190
1191
1137
1192
1138
1193
1139
1194
1140
1195
1141
1196
1142
1197
1143
1198
1144
1199
1145
1200
1146
1201
1147
1202
1148
1203
1149
1204
1150
1205
1151
1206
1152
1207
1153
1208
1154
1209
1155
1210
1156
1211
1157
1212
1158
1213
1159
1214
1160
1215
1161
1216
1162
1217
1163
1218
1164
1219
1165
1220
1166
1221
1167
1222
1168
1223
1169
1224
1170
1225
1171
1226
1172
1227
1173
1228
1174
1229
1175
1230
1176
1231
1177
1232
1178
1233
1179
1234
1180
1235
1181
1236
1182
1237
1183
1238
1184
1239
1185
1240
1186
1241
1187
1242
1188
1243
1189
1244
1190
1245
1191
1246
1247
1193
1248
1194
1249
1195
1250
1196
1251
1197
1252
1198
1253
1199
1254
1200
1255
1201
1256
1202
1257
1203
1258
1204
1259
1205
1260
1206
1261
1207
1262
1208
1263
1209
1264
1210
1265
1211
1266
1212
1267
1213
1268
1214
1269
1215
1270
1216
1271
1217
1272
1218
1273
1219
1274
1220
1275
1221
1276
1222
1277
1223
1278
1224
1279
1225
1280
1226
1281
1227
1282
1228
1283
1229
1284
1230
1285
1231
1286
1232
1287
1233
1288
1234
1289
1235
1290
1236
1291
1237
1292
1238
1293
1239
1294
1240
1295
1241
1296
1242
1297
1243
1298
1244
1299
1245
1300
1246
1301
1247
1302
1303
1249
1304
1250
1305
1251
1306
1252
1307
1253
1308
1254
1309
1255
1310
1256
1311
1257
1312
1258
1313
1259
1314
1260
1315
1261
1316
1262
1317
1263
1318
1264
1319
1265
1320
1266
1321
1267
1322
1268
1323
1269
1324
1270
1325
1271
1326
1272
1327
1273
1328
1274
1329
1275
1330
1276
1331
1277
1332
1278
1333
1279
1334
1280
1335
1281
1336
1282
1337
1283
1338
1284
1339
1285
1340
1286
1341
1287
1342
1288
1343
1289
1344
1290
1345
1291
1346
1292
1347
1293
1348
1294
1349
1295
1350
1296
1351
1297
1352
1298
1353
1299
1354
1300
1355
1301
1356
1302
1357
1303
1358
1359
1305
1360
1306
1361
1307
1362
1308
1363
1309
1364
1310
1365
1311
1366
1312
1367
1313
1368
1314
1369
1315
1370
1316
1371
1317
1372
1318
1373
1319
1374
1320
1375
1321
1376
1322
1377
1323
1378
1324
1379
1325
1380
1326
1381
1327
1382
1328
1383
1329
1384
1330
1385
1331
1386
1332
1387
1333
1388
1334
1389
1335
1390
1336
1391
1337
1392
1338
1393
1339
1394
1340
1395
1341
1396
1342
1397
1343
1398
1344
1399
1345
1400
1346
1401
1347
1402
1348
1403
1349
1404
1350
1405
1351
1406
1352
1407
1353
1408
1354
1409
1355
1410
1356
1411
1357
1412
1358
1413
1359
1414
1415
1361
1416
1362
1417
1363
1418
1364
1419
1365
1420
1366
1421
1367
1422
1368
1423
1369
1424
1370
1425
1371
1426
1372
1427
1373
1428
1374
1429
1375
1430
1376
1431
1377
1432
1378
1433
1379
1434
1380
1435
1381
1436
1382
1437
1383
1438
1384
1439
1385
1440
1386
1441
1387
1442
1388
1443
1389
1444
1390
1445
1391
1446
1392
1447
1393
1448
1394
1449
1395
1450
1396
1451
1397
1452
1398
1453
1399
1454
1400
1455
1401
1456
1402
1457
1403
1458
1404
1459
1405
1460
1406
1461
1407
1462
1408
1463
1409
1464
1410
1465
1411
1466
1412
1467
1413
1468
1414
1469
1415
1470
1471
1417
1472
1418
1473
1419
1474
1420
1475
1421
1476
1422
1477
1423
1478
1424
1479
1425
1480
1426
1481
1427
1482
1428
1483
1429
1484
1430
1485
1431
1486
1432
1487
1433
1488
1434
1489
1435
1490
1436
1491
1437
1492
1438
1493
1439
1494
1440
1495
1441
1496
1442
1497
1443
1498
1444
1499
1445
1500
1446
1501
1447
1502
1448
1503
1449
1504
1450
1505
1451
1506
1452
1507
1453
1508
1454
1509
1455
1510
1456
1511
1457
1512
1458
1513
1459
1514
1460
1515
1461
1516
1462
1517
1463
1518
1464
1519
1465
1520
1466
1521
1467
1522
1468
1523
1469
1524
1470
1525
1471
1526
1527
1473
1528
1474
1529
1475
1530
1476
1531
1477
1532
1478
1533
1479
1534
1480
1535
1481
1536
1482
1537
1483
1538
1484
1539
1485
1540
1486
1541
1487
1542
1488
1543
1489
1544
1490
1545
1491
1546
1492
1547
1493
1548
1494
1549
1495
1550
1496
1551
1497
1552
1498
1553
1499
1554
1500
1555
1501
1556
1502
1557
1503
1558
1504
1559
1505
1560
1506
1561
1507
1562
1508
1563
1509
1564
1510
1565
1511
1566
1512
1567
1513
1568
1514
1569
1515
1570
1516
1571
1517
1572
1518
1573
1519
1574
1520
1575
1521
1576
1522
1577
1523
1578
1524
1579
1525
1580
1526
1581
1527
1582
1583
1529
1584
1530
1585
1531
1586
1532
1587
1533
1588
1534
1589
1535
1590
1536
1591
1537
1592
1538
1593
1539
1594
1540
1595
1541
1596
1542
1597
1543
1598
1544
1599
1545
1600
1546
1601
1547
1602
1548
1603
1549
1604
1550
1605
1551
1606
1552
1607
1553
1608
1554
1609
1555
1610
1556
1611
1557
1612
1558
1613
1559
1614
1560
1615
1561
1616
1562
1617
1563
1618
1564
1619
1565
1620
1566
1621
1567
1622
1568
1623
1569
1624
1570
1625
1571
1626
1572
1627
1573
1628
1574
1629
1575
1630
1576
1631
1577
1632
1578
1633
1579
1634
1580
1635
1581
1636
1582
1637
1583
1638
1639
1585
1640
1586
1641
1587
1642
1588
1643
1589
1644
1590
1645
1591
1646
1592
1647
1593
1648
1594
1649
1595
1650
1596
1651
1597
1652
1598
1653
1599
1654
1600
1655
1601
1656
1602
1657
1603
1658
1604
1659
1605
1660
1606
1661
1607
1662
1608
1663
1609
1664
1610
1665
1611
1666
1612
1667
1613
1668
1614
1669
1615
1670
1616
1671
1617
1672
1618
1673
1619
1674
1620
1675
1621
1676
1622
1677
1623
1678
1624
1679
1625
1680
1626
1681
1627
1682
1628
1683
1629
1684
1630
1685
1631
1686
1632
1687
1633
1688
1634
1689
1635
1690
1636
1691
1637
1692
1638
1693
1639
1694
1695
1641
1696
1642
1697
1643
1698
1644
1699
1645
1700
1646
1701
1647
1702
1648
1703
1649
1704
1650
1705
1651
1706
1652
1707
1653
1708
1654
1709
1655
1710
1656
1711
1657
1712
1658
1713
1659
1714
1660
1715
1661
1716
1662
1717
1663
1718
1664
1719
1665
1720
1666
1721
1667
1722
1668
1723
1669
1724
1670
1725
1671
1726
1672
1727
1673
1728
1674
1729
1675
1730
1676
1731
1677
1732
1678
1733
1679
1734
1680
1735
1681
1736
1682
1737
1683
1738
1684
1739
1685
1740
1686
1741
1687
1742
1688
1743
1689
1744
1690
1745
1691
1746
1692
1747
1693
1748
1694
1749
1695
1750
1751
1697
1752
1698
1753
1699
1754
1700
1755
1701
1756
1702
1757
1703
1758
1704
1759
1705
1760
1706
1761
1707
1762
1708
1763
1709
1764
1710
1765
1711
1766
1712
1767
1713
1768
1714
1769
1715
1770
1716
1771
1717
1772
1718
1773
1719
1774
1720
1775
1721
1776
1722
1777
1723
1778
1724
1779
1725
1780
1726
1781
1727
1782
1728
1783
1729
1784
1730
1785
1731
1786
1732
1787
1733
1788
1734
1789
1735
1790
1736
1791
1737
1792
1738
1793
1739
1794
1740
1795
1741
1796
1742
1797
1743
1798
1744
1799
1745
1800
1746
1801
1747
1802
1748
1803
1749
1804
1750
1805
1751
1806
1807
1753
1808
1754
1809
1755
1810
1756
1811
1757
1812
1758
1813
1759
1814
1760
1815
1761
1816
1762
1817
1763
1818
1764
1819
1765
1820
1766
1821
1767
1822
1768
1823
1769
1824
1770
1825
1771
1826
1772
1827
1773
1828
1774
1829
1775
1830
1776
1831
1777
1832
1778
1833
1779
1834
1780
1835
1781
1836
1782
1837
1783
1838
1784
1839
1785
1840
1786
1841
1787
1842
1788
1843
1789
1844
1790
1845
1791
1846
1792
1847
1793
1848
1794
1849
1795
1850
1796
1851
1797
1852
1798
1853
1799
1854
1800
1855
1801
1856
1802
1857
1803
1858
1804
1859
1805
1860
1806
1861
1807
1862
1863
1809
1864
1810
1865
1811
1866
1812
1867
1813
1868
1814
1869
1815
1870
1816
1871
1817
1872
1818
1873
1819
1874
1820
1875
1821
1876
1822
1877
1823
1878
1824
1879
1825
1880
1826
1881
1827
1882
1828
1883
1829
1884
1830
1885
1831
1886
1832
1887
1833
1888
1834
1889
1835
1890
1836
1891
1837
1892
1838
1893
1839
1894
1840
1895
1841
1896
1842
1897
1843
1898
1844
1899
1845
1900
1846
1901
1847
1902
1848
1903
1849
1904
1850
1905
1851
1906
1852
1907
1853
1908
1854
1909
1855
1910
1856
1911
1857
1912
1858
1913
1859
1914
1860
1915
1861
1916
1862
1917
1863
1918
1919
1865
2920
1866
2921
1867
2922
1868
2923
1869
2924
1870
2925
1871
2926
1872
2927
1873
2928
1874
2929
1875
2930
1876
2931
1877
2932
1878
2933
1879
2934
1880
2935
1881
2936
1882
2937
1883
2938
1884
2939
1885
2940
1886
2941
1887
2942
1888
2943
1889
2944
1890
2945
1891
2946
1892
2947
1893
2948
1894
2949
1895
2950
1896
2951
1897
2952
1898
2953
1899
2954
1900
2955
1901
2956
1902
2957
1903
2958
1904
2959
1905
2960
1906
2961
1907
2962
1908
2963
1909
2964
1910
2965
1911
2966
1912
2967
1913
2968
1914
2969
1915
2970
1916
2971
1917
2972
1918
2973
1919
2974
2975
1921
1940
1922
1941
1923
1942
1924
1943
1925
1944
1926
1945
1927
1946
1928
1947
1929
1948
1930
1949
1931
1950
1932
1951
1933
1952
1934
1953
1935
1954
1936
1955
1937
1956
1938
1957
1939
1958
1959
2320
1941
1960
1942
1961
1943
1962
1944
1963
1945
1964
1946
1965
1947
1966
1948
1967
1949
1968
1950
1969
1951
1970
1952
1971
1953
1972
1954
1973
1955
1974
1956
1975
1957
1976
1958
1977
1959
1978
1979
2330
1961
1980
1962
1981
1963
1982
1964
1983
1965
1984
1966
1985
1967
1986
1968
1987
1969
1988
1970
1989
1971
1990
1972
1991
1973
1992
1974
1993
1975
1994
1976
1995
1977
1996
1978
1997
1979
1998
1999
2340
1981
2000
1982
2001
1983
2002
1984
2003
1985
2004
1986
2005
1987
2006
1988
2007
1989
2008
1990
2009
1991
2010
1992
2011
1993
2012
1994
2013
1995
2014
1996
2015
1997
2016
1998
2017
1999
2018
2019
2350
2001
2020
2002
2021
2003
2022
2004
2023
2005
2024
2006
2025
2007
2026
2008
2027
2009
2028
2010
2029
2011
2030
2012
2031
2013
2032
2014
2033
2015
2034
2016
2035
2017
2036
2018
2037
2019
2038
2039
2360
2021
2040
2022
2041
2023
2042
2024
2043
2025
2044
2026
2045
2027
2046
2028
2047
2029
2048
2030
2049
2031
2050
2032
2051
2033
2052
2034
2053
2035
2054
2036
2055
2037
2056
2038
2057
2039
2058
2059
2370
2041
2060
2042
2061
2043
2062
2044
2063
2045
2064
2046
2065
2047
2066
2048
2067
2049
2068
2050
2069
2051
2070
2052
2071
2053
2072
2054
2073
2055
2074
2056
2075
2057
2076
2058
2077
2059
2078
2079
2380
2061
2080
2062
2081
2063
2082
2064
2083
2065
2084
2066
2085
2067
2086
2068
2087
2069
2088
2070
2089
2071
2090
2072
2091
2073
2092
2074
2093
2075
2094
2076
2095
2077
2096
2078
2097
2079
2098
2099
2390
2081
2100
2082
2101
2083
2102
2084
2103
2085
2104
2086
2105
2087
2106
2088
2107
2089
2108
2090
2109
2091
2110
2092
2111
2093
2112
2094
2113
2095
2114
2096
2115
2097
2116
2098
2117
2099
2118
2119
2400
2101
2120
2102
2121
2103
2122
2104
2123
2105
2124
2106
2125
2107
2126
2108
2127
2109
2128
2110
2129
2111
2130
2112
2131
2113
2132
2114
2133
2115
2134
2116
2135
2117
2136
2118
2137
2119
2138
2139
2410
2121
2140
2122
2141
2123
2142
2124
2143
2125
2144
2126
2145
2127
2146
2128
2147
2129
2148
2130
2149
2131
2150
2132
2151
2133
2152
2134
2153
2135
2154
2136
2155
2137
2156
2138
2157
2139
2158
2159
2420
2141
2160
2142
2161
2143
2162
2144
2163
2145
2164
2146
2165
2147
2166
2148
2167
2149
2168
2150
2169
2151
2170
2152
2171
2153
2172
2154
2173
2155
2174
2156
2175
2157
2176
2158
2177
2159
2178
2179
2430
2161
2180
2162
2181
2163
2182
2164
2183
2165
2184
2166
2185
2167
2186
2168
2187
2169
2188
2170
2189
2171
2190
2172
2191
2173
2192
2174
2193
2175
2194
2176
2195
2177
2196
2178
2197
2179
2198
2199
2440
2181
2200
2182
2201
2183
2202
2184
2203
2185
2204
2186
2205
2187
2206
2188
2207
2189
2208
2190
2209
2191
2210
2192
2211
2193
2212
2194
2213
2195
2214
2196
2215
2197
2216
2198
2217
2199
2218
2219
2450
2201
2220
2202
2221
2203
2222
2204
2223
2205
2224
2206
2225
2207
2226
2208
2227
2209
2228
2210
2229
2211
2230
2212
2231
2213
2232
2214
2233
2215
2234
2216
2235
2217
2236
2218
2237
2219
2238
2239
2460
2221
2240
2222
2241
2223
2242
2224
2243
2225
2244
2226
2245
2227
2246
2228
2247
2229
2248
2230
2249
2231
2250
2232
2251
2233
2252
2234
2253
2235
2254
2236
2255
2237
2256
2238
2257
2239
2258
2259
2470
2241
2260
2242
2261
2243
2262
2244
2263
2245
2264
2246
2265
2247
2266
2248
2267
2249
2268
2250
2269
2251
2270
2252
2271
2253
2272
2254
2273
2255
2274
2256
2275
2257
2276
2258
2277
2259
2278
2279
2480
2261
2280
2262
2281
2263
2282
2264
2283
2265
2284
2266
2285
2267
2286
2268
2287
2269
2288
2270
2289
2271
2290
2272
2291
2273
2292
2274
2293
2275
2294
2276
2295
2277
2296
2278
2297
2279
2298
2299
2490
2281
2300
2282
2301
2283
2302
2284
2303
2285
2304
2286
2305
2287
2306
2288
2307
2289
2308
2290
2309
2291
2310
2292
2311
2293
2312
2294
2313
2295
2314
2296
2315
2297
2316
2298
2317
2299
2318
2319
2500
2301
5600
2302
5601
2303
5602
2304
5603
2305
5604
2306
5605
2307
5606
2308
5607
2309
5608
2310
5609
2311
5610
2312
5611
2313
5612
2314
5613
2315
5614
2316
5615
2317
5616
2318
5617
2319
5618
2510
5619
2321
2330
2520
2322
2331
2540
2323
2332
2560
2324
2333
2580
2325
2334
2600
2326
2335
2620
2327
2336
2640
2328
2337
2660
2329
2338
2680
2339
2700
2331
2340
2332
2341
2333
2342
2334
2343
2335
2344
2336
2345
2337
2346
2338
2347
2339
2348
2349
2341
2350
2342
2351
2343
2352
2344
2353
2345
2354
2346
2355
2347
2356
2348
2357
2349
2358
2359
2351
2360
2352
2361
2353
2362
2354
2363
2355
2364
2356
2365
2357
2366
2358
2367
2359
2368
2369
2361
2370
2362
2371
2363
2372
2364
2373
2365
2374
2366
2375
2367
2376
2368
2377
2369
2378
2379
2371
2380
2372
2381
2373
2382
2374
2383
2375
2384
2376
2385
2377
2386
2378
2387
2379
2388
2389
2381
2390
2382
2391
2383
2392
2384
2393
2385
2394
2386
2395
2387
2396
2388
2397
2389
2398
2399
2391
2400
2392
2401
2393
2402
2394
2403
2395
2404
2396
2405
2397
2406
2398
2407
2399
2408
2409
2401
2410
2402
2411
2403
2412
2404
2413
2405
2414
2406
2415
2407
2416
2408
2417
2409
2418
2419
2411
2420
2412
2421
2413
2422
2414
2423
2415
2424
2416
2425
2417
2426
2418
2427
2419
2428
2429
2421
2430
2422
2431
2423
2432
2424
2433
2425
2434
2426
2435
2427
2436
2428
2437
2429
2438
2439
2431
2440
2432
2441
2433
2442
2434
2443
2435
2444
2436
2445
2437
2446
2438
2447
2439
2448
2449
2441
2450
2442
2451
2443
2452
2444
2453
2445
2454
2446
2455
2447
2456
2448
2457
2449
2458
2459
2451
2460
2452
2461
2453
2462
2454
2463
2455
2464
2456
2465
2457
2466
2458
2467
2459
2468
2469
2461
2470
2462
2471
2463
2472
2464
2473
2465
2474
2466
2475
2467
2476
2468
2477
2469
2478
2479
2471
2480
2472
2481
2473
2482
2474
2483
2475
2484
2476
2485
2477
2486
2478
2487
2479
2488
2489
2481
2490
2482
2491
2483
2492
2484
2493
2485
2494
2486
2495
2487
2496
2488
2497
2489
2498
2499
2491
2500
2492
2501
2493
2502
2494
2503
2495
2504
2496
2505
2497
2506
2498
2507
2499
2508
2509
2501
2510
2502
2511
2503
2512
2504
2513
2505
2514
2506
2515
2507
2516
2508
2517
2509
2518
2519
2511
4240
2512
4220
2513
4200
2514
4180
2515
4160
2516
4140
2517
4120
2518
4100
2519
4080
4060
2521
2540
2522
2541
2523
2542
2524
2543
2525
2544
2526
2545
2527
2546
2528
2547
2529
2548
2530
2549
2531
2550
2532
2551
2533
2552
2534
2553
2535
2554
2536
2555
2537
2556
2538
2557
2539
2558
2559
2729
2541
2560
2542
2561
2543
2562
2544
2563
2545
2564
2546
2565
2547
2566
2548
2567
2549
2568
2550
2569
2551
2570
2552
2571
2553
2572
2554
2573
2555
2574
2556
2575
2557
2576
2558
2577
2559
2578
2579
2728
2561
2580
2562
2581
2563
2582
2564
2583
2565
2584
2566
2585
2567
2586
2568
2587
2569
2588
2570
2589
2571
2590
2572
2591
2573
2592
2574
2593
2575
2594
2576
2595
2577
2596
2578
2597
2579
2598
2599
2727
2581
2600
2582
2601
2583
2602
2584
2603
2585
2604
2586
2605
2587
2606
2588
2607
2589
2608
2590
2609
2591
2610
2592
2611
2593
2612
2594
2613
2595
2614
2596
2615
2597
2616
2598
2617
2599
2618
2619
2726
2601
2620
2602
2621
2603
2622
2604
2623
2605
2624
2606
2625
2607
2626
2608
2627
2609
2628
2610
2629
2611
2630
2612
2631
2613
2632
2614
2633
2615
2634
2616
2635
2617
2636
2618
2637
2619
2638
2639
2725
2621
2640
2622
2641
2623
2642
2624
2643
2625
2644
2626
2645
2627
2646
2628
2647
2629
2648
2630
2649
2631
2650
2632
2651
2633
2652
2634
2653
2635
2654
2636
2655
2637
2656
2638
2657
2639
2658
2659
2724
2641
2660
2642
2661
2643
2662
2644
2663
2645
2664
2646
2665
2647
2666
2648
2667
2649
2668
2650
2669
2651
2670
2652
2671
2653
2672
2654
2673
2655
2674
2656
2675
2657
2676
2658
2677
2659
2678
2679
2723
2661
2680
2662
2681
2663
2682
2664
2683
2665
2684
2666
2685
2667
2686
2668
2687
2669
2688
2670
2689
2671
2690
2672
2691
2673
2692
2674
2693
2675
2694
2676
2695
2677
2696
2678
2697
2679
2698
2699
2722
2681
2700
2682
2701
2683
2702
2684
2703
2685
2704
2686
2705
2687
2706
2688
2707
2689
2708
2690
2709
2691
2710
2692
2711
2693
2712
2694
2713
2695
2714
2696
2715
2697
2716
2698
2717
2699
2718
2719
2721
2701
2702
2703
2704
2705
2706
2707
2708
2709
2710
2711
2712
2713
2714
2715
2716
2717
2718
2719
2720
2721
2730
2722
2731
2723
2732
2724
2733
2725
2734
2726
2735
2727
2736
2728
2737
2729
2738
2739
2920
2731
2740
2732
2741
2733
2742
2734
2743
2735
2744
2736
2745
2737
2746
2738
2747
2739
2748
2749
2977
2741
2750
2742
2751
2743
2752
2744
2753
2745
2754
2746
2755
2747
2756
2748
2757
2749
2758
2759
3034
2751
2760
2752
2761
2753
2762
2754
2763
2755
2764
2756
2765
2757
2766
2758
2767
2759
2768
2769
3091
2761
2770
2762
2771
2763
2772
2764
2773
2765
2774
2766
2775
2767
2776
2768
2777
2769
2778
2779
3148
2771
2780
2772
2781
2773
2782
2774
2783
2775
2784
2776
2785
2777
2786
2778
2787
2779
2788
2789
3205
2781
2790
2782
2791
2783
2792
2784
2793
2785
2794
2786
2795
2787
2796
2788
2797
2789
2798
2799
3262
2791
2800
2792
2801
2793
2802
2794
2803
2795
2804
2796
2805
2797
2806
2798
2807
2799
2808
2809
3319
2801
2810
2802
2811
2803
2812
2804
2813
2805
2814
2806
2815
2807
2816
2808
2817
2809
2818
2819
3376
2811
2820
2812
2821
2813
2822
2814
2823
2815
2824
2816
2825
2817
2826
2818
2827
2819
2828
2829
3433
2821
2830
2822
2831
2823
2832
2824
2833
2825
2834
2826
2835
2827
2836
2828
2837
2829
2838
2839
3490
2831
2840
2832
2841
2833
2842
2834
2843
2835
2844
2836
2845
2837
2846
2838
2847
2839
2848
2849
3547
2841
2850
2842
2851
2843
2852
2844
2853
2845
2854
2846
2855
2847
2856
2848
2857
2849
2858
2859
3604
2851
2860
2852
2861
2853
2862
2854
2863
2855
2864
2856
2865
2857
2866
2858
2867
2859
2868
2869
3661
2861
2870
2862
2871
2863
2872
2864
2873
2865
2874
2866
2875
2867
2876
2868
2877
2869
2878
2879
3718
2871
2880
2872
2881
2873
2882
2874
2883
2875
2884
2876
2885
2877
2886
2878
2887
2879
2888
2889
3775
2881
2890
2882
2891
2883
2892
2884
2893
2885
2894
2886
2895
2887
2896
2888
2897
2889
2898
2899
3832
2891
2900
2892
2901
2893
2902
2894
2903
2895
2904
2896
2905
2897
2906
2898
2907
2899
2908
2909
3889
2901
2910
2902
2911
2903
2912
2904
2913
2905
2914
2906
2915
2907
2916
2908
2917
2909
2918
2919
3946
2911
2912
2913
2914
2915
2916
2917
2918
2919
4003
2921
2977
2922
2978
2923
2979
2924
2980
2925
2981
2926
2982
2927
2983
2928
2984
2929
2985
2930
2986
2931
2987
2932
2988
2933
2989
2934
2990
2935
2991
2936
2992
2937
2993
2938
2994
2939
2995
2940
2996
2941
2997
2942
2998
2943
2999
2944
3000
2945
3001
2946
3002
2947
3003
2948
3004
2949
3005
2950
3006
2951
3007
2952
3008
2953
3009
2954
3010
2955
3011
2956
3012
2957
3013
2958
3014
2959
3015
2960
3016
2961
3017
2962
3018
2963
3019
2964
3020
2965
3021
2966
3022
2967
3023
2968
3024
2969
3025
2970
3026
2971
3027
2972
3028
2973
3029
2974
3030
2975
3031
2976
3032
3033
2978
3034
2979
3035
2980
3036
2981
3037
2982
3038
2983
3039
2984
3040
2985
3041
2986
3042
2987
3043
2988
3044
2989
3045
2990
3046
2991
3047
2992
3048
2993
3049
2994
3050
2995
3051
2996
3052
2997
3053
2998
3054
2999
3055
3000
3056
3001
3057
3002
3058
3003
3059
3004
3060
3005
3061
3006
3062
3007
3063
3008
3064
3009
3065
3010
3066
3011
3067
3012
3068
3013
3069
3014
3070
3015
3071
3016
3072
3017
3073
3018
3074
3019
3075
3020
3076
3021
3077
3022
3078
3023
3079
3024
3080
3025
3081
3026
3082
3027
3083
3028
3084
3029
3085
3030
3086
3031
3087
3032
3088
3033
3089
3090
3035
3091
3036
3092
3037
3093
3038
3094
3039
3095
3040
3096
3041
3097
3042
3098
3043
3099
3044
3100
3045
3101
3046
3102
3047
3103
3048
3104
3049
3105
3050
3106
3051
3107
3052
3108
3053
3109
3054
3110
3055
3111
3056
3112
3057
3113
3058
3114
3059
3115
3060
3116
3061
3117
3062
3118
3063
3119
3064
3120
3065
3121
3066
3122
3067
3123
3068
3124
3069
3125
3070
3126
3071
3127
3072
3128
3073
3129
3074
3130
3075
3131
3076
3132
3077
3133
3078
3134
3079
3135
3080
3136
3081
3137
3082
3138
3083
3139
3084
3140
3085
3141
3086
3142
3087
3143
3088
3144
3089
3145
3090
3146
3147
3092
3148
3093
3149
3094
3150
3095
3151
3096
3152
3097
3153
3098
3154
3099
3155
3100
3156
3101
3157
3102
3158
3103
3159
3104
3160
3105
3161
3106
3162
3107
3163
3108
3164
3109
3165
3110
3166
3111
3167
3112
3168
3113
3169
3114
3170
3115
3171
3116
3172
3117
3173
3118
3174
3119
3175
3120
3176
3121
3177
3122
3178
3123
3179
3124
3180
3125
3181
3126
3182
3127
3183
3128
3184
3129
3185
3130
3186
3131
3187
3132
3188
3133
3189
3134
3190
3135
3191
3136
3192
3137
3193
3138
3194
3139
3195
3140
3196
3141
3197
3142
3198
3143
3199
3144
3200
3145
3201
3146
3202
3147
3203
3204
3149
3205
3150
3206
3151
3207
3152
3208
3153
3209
3154
3210
3155
3211
3156
3212
3157
3213
3158
3214
3159
3215
3160
3216
3161
3217
3162
3218
3163
3219
3164
3220
3165
3221
3166
3222
3167
3223
3168
3224
3169
3225
3170
3226
3171
3227
3172
3228
3173
3229
3174
3230
3175
3231
3176
3232
3177
3233
3178
3234
3179
3235
3180
3236
3181
3237
3182
3238
3183
3239
3184
3240
3185
3241
3186
3242
3187
3243
3188
3244
3189
3245
3190
3246
3191
3247
3192
3248
3193
3249
3194
3250
3195
3251
3196
3252
3197
3253
3198
3254
3199
3255
3200
3256
3201
3257
3202
3258
3203
3259
3204
3260
3261
3206
3262
3207
3263
3208
3264
3209
3265
3210
3266
3211
3267
3212
3268
3213
3269
3214
3270
3215
3271
3216
3272
3217
3273
3218
3274
3219
3275
3220
3276
3221
3277
3222
3278
3223
3279
3224
3280
3225
3281
3226
3282
3227
3283
3228
3284
3229
3285
3230
3286
3231
3287
3232
3288
3233
3289
3234
3290
3235
3291
3236
3292
3237
3293
3238
3294
3239
3295
3240
3296
3241
3297
3242
3298
3243
3299
3244
3300
3245
3301
3246
3302
3247
3303
3248
3304
3249
3305
3250
3306
3251
3307
3252
3308
3253
3309
3254
3310
3255
3311
3256
3312
3257
3313
3258
3314
3259
3315
3260
3316
3261
3317
3318
3263
3319
3264
3320
3265
3321
3266
3322
3267
3323
3268
3324
3269
3325
3270
3326
3271
3327
3272
3328
3273
3329
3274
3330
3275
3331
3276
3332
3277
3333
3278
3334
3279
3335
3280
3336
3281
3337
3282
3338
3283
3339
3284
3340
3285
3341
3286
3342
3287
3343
3288
3344
3289
3345
3290
3346
3291
3347
3292
3348
3293
3349
3294
3350
3295
3351
3296
3352
3297
3353
3298
3354
3299
3355
3300
3356
3301
3357
3302
3358
3303
3359
3304
3360
3305
3361
3306
3362
3307
3363
3308
3364
3309
3365
3310
3366
3311
3367
3312
3368
3313
3369
3314
3370
3315
3371
3316
3372
3317
3373
3318
3374
3375
3320
3376
3321
3377
3322
3378
3323
3379
3324
3380
3325
3381
3326
3382
3327
3383
3328
3384
3329
3385
3330
3386
3331
3387
3332
3388
3333
3389
3334
3390
3335
3391
3336
3392
3337
3393
3338
3394
3339
3395
3340
3396
3341
3397
3342
3398
3343
3399
3344
3400
3345
3401
3346
3402
3347
3403
3348
3404
3349
3405
3350
3406
3351
3407
3352
3408
3353
3409
3354
3410
3355
3411
3356
3412
3357
3413
3358
3414
3359
3415
3360
3416
3361
3417
3362
3418
3363
3419
3364
3420
3365
3421
3366
3422
3367
3423
3368
3424
3369
3425
3370
3426
3371
3427
3372
3428
3373
3429
3374
3430
3375
3431
3432
3377
3433
3378
3434
3379
3435
3380
3436
3381
3437
3382
3438
3383
3439
3384
3440
3385
3441
3386
3442
3387
3443
3388
3444
3389
3445
3390
3446
3391
3447
3392
3448
3393
3449
3394
3450
3395
3451
3396
3452
3397
3453
3398
3454
3399
3455
3400
3456
3401
3457
3402
3458
3403
3459
3404
3460
3405
3461
3406
3462
3407
3463
3408
3464
3409
3465
3410
3466
3411
3467
3412
3468
3413
3469
3414
3470
3415
3471
3416
3472
3417
3473
3418
3474
3419
3475
3420
3476
3421
3477
3422
3478
3423
3479
3424
3480
3425
3481
3426
3482
3427
3483
3428
3484
3429
3485
3430
3486
3431
3487
3432
3488
3489
3434
3490
3435
3491
3436
3492
3437
3493
3438
3494
3439
3495
3440
3496
3441
3497
3442
3498
3443
3499
3444
3500
3445
3501
3446
3502
3447
3503
3448
3504
3449
3505
3450
3506
3451
3507
3452
3508
3453
3509
3454
3510
3455
3511
3456
3512
3457
3513
3458
3514
3459
3515
3460
3516
3461
3517
3462
3518
3463
3519
3464
3520
3465
3521
3466
3522
3467
3523
3468
3524
3469
3525
3470
3526
3471
3527
3472
3528
3473
3529
3474
3530
3475
3531
3476
3532
3477
3533
3478
3534
3479
3535
3480
3536
3481
3537
3482
3538
3483
3539
3484
3540
3485
3541
3486
3542
3487
3543
3488
3544
3489
3545
3546
3491
3547
3492
3548
3493
3549
3494
3550
3495
3551
3496
3552
3497
3553
3498
3554
3499
3555
3500
3556
3501
3557
3502
3558
3503
3559
3504
3560
3505
3561
3506
3562
3507
3563
3508
3564
3509
3565
3510
3566
3511
3567
3512
3568
3513
3569
3514
3570
3515
3571
3516
3572
3517
3573
3518
3574
3519
3575
3520
3576
3521
3577
3522
3578
3523
3579
3524
3580
3525
3581
3526
3582
3527
3583
3528
3584
3529
3585
3530
3586
3531
3587
3532
3588
3533
3589
3534
3590
3535
3591
3536
3592
3537
3593
3538
3594
3539
3595
3540
3596
3541
3597
3542
3598
3543
3599
3544
3600
3545
3601
3546
3602
3603
3548
3604
3549
3605
3550
3606
3551
3607
3552
3608
3553
3609
3554
3610
3555
3611
3556
3612
3557
3613
3558
3614
3559
3615
3560
3616
3561
3617
3562
3618
3563
3619
3564
3620
3565
3621
3566
3622
3567
3623
3568
3624
3569
3625
3570
3626
3571
3627
3572
3628
3573
3629
3574
3630
3575
3631
3576
3632
3577
3633
3578
3634
3579
3635
3580
3636
3581
3637
3582
3638
3583
3639
3584
3640
3585
3641
3586
3642
3587
3643
3588
3644
3589
3645
3590
3646
3591
3647
3592
3648
3593
3649
3594
3650
3595
3651
3596
3652
3597
3653
3598
3654
3599
3655
3600
3656
3601
3657
3602
3658
3603
3659
3660
3605
3661
3606
3662
3607
3663
3608
3664
3609
3665
3610
3666
3611
3667
3612
3668
3613
3669
3614
3670
3615
3671
3616
3672
3617
3673
3618
3674
3619
3675
3620
3676
3621
3677
3622
3678
3623
3679
3624
3680
3625
3681
3626
3682
3627
3683
3628
3684
3629
3685
3630
3686
3631
3687
3632
3688
3633
3689
3634
3690
3635
3691
3636
3692
3637
3693
3638
3694
3639
3695
3640
3696
3641
3697
3642
3698
3643
3699
3644
3700
3645
3701
3646
3702
3647
3703
3648
3704
3649
3705
3650
3706
3651
3707
3652
3708
3653
3709
3654
3710
3655
3711
3656
3712
3657
3713
3658
3714
3659
3715
3660
3716
3717
3662
3718
3663
3719
3664
3720
3665
3721
3666
3722
3667
3723
3668
3724
3669
3725
3670
3726
3671
3727
3672
3728
3673
3729
3674
3730
3675
3731
3676
3732
3677
3733
3678
3734
3679
3735
3680
3736
3681
3737
3682
3738
3683
3739
3684
3740
3685
3741
3686
3742
3687
3743
3688
3744
3689
3745
3690
3746
3691
3747
3692
3748
3693
3749
3694
3750
3695
3751
3696
3752
3697
3753
3698
3754
3699
3755
3700
3756
3701
3757
3702
3758
3703
3759
3704
3760
3705
3761
3706
3762
3707
3763
3708
3764
3709
3765
3710
3766
3711
3767
3712
3768
3713
3769
3714
3770
3715
3771
3716
3772
3717
3773
3774
3719
3775
3720
3776
3721
3777
3722
3778
3723
3779
3724
3780
3725
3781
3726
3782
3727
3783
3728
3784
3729
3785
3730
3786
3731
3787
3732
3788
3733
3789
3734
3790
3735
3791
3736
3792
3737
3793
3738
3794
3739
3795
3740
3796
3741
3797
3742
3798
3743
3799
3744
3800
3745
3801
3746
3802
3747
3803
3748
3804
3749
3805
3750
3806
3751
3807
3752
3808
3753
3809
3754
3810
3755
3811
3756
3812
3757
3813
3758
3814
3759
3815
3760
3816
3761
3817
3762
3818
3763
3819
3764
3820
3765
3821
3766
3822
3767
3823
3768
3824
3769
3825
3770
3826
3771
3827
3772
3828
3773
3829
3774
3830
3831
3776
3832
3777
3833
3778
3834
3779
3835
3780
3836
3781
3837
3782
3838
3783
3839
3784
3840
3785
3841
3786
3842
3787
3843
3788
3844
3789
3845
3790
3846
3791
3847
3792
3848
3793
3849
3794
3850
3795
3851
3796
3852
3797
3853
3798
3854
3799
3855
3800
3856
3801
3857
3802
3858
3803
3859
3804
3860
3805
3861
3806
3862
3807
3863
3808
3864
3809
3865
3810
3866
3811
3867
3812
3868
3813
3869
3814
3870
3815
3871
3816
3872
3817
3873
3818
3874
3819
3875
3820
3876
3821
3877
3822
3878
3823
3879
3824
3880
3825
3881
3826
3882
3827
3883
3828
3884
3829
3885
3830
3886
3831
3887
3888
3833
3889
3834
3890
3835
3891
3836
3892
3837
3893
3838
3894
3839
3895
3840
3896
3841
3897
3842
3898
3843
3899
3844
3900
3845
3901
3846
3902
3847
3903
3848
3904
3849
3905
3850
3906
3851
3907
3852
3908
3853
3909
3854
3910
3855
3911
3856
3912
3857
3913
3858
3914
3859
3915
3860
3916
3861
3917
3862
3918
3863
3919
3864
3920
3865
3921
3866
3922
3867
3923
3868
3924
3869
3925
3870
3926
3871
3927
3872
3928
3873
3929
3874
3930
3875
3931
3876
3932
3877
3933
3878
3934
3879
3935
3880
3936
3881
3937
3882
3938
3883
3939
3884
3940
3885
3941
3886
3942
3887
3943
3888
3944
3945
3890
3946
3891
3947
3892
3948
3893
3949
3894
3950
3895
3951
3896
3952
3897
3953
3898
3954
3899
3955
3900
3956
3901
3957
3902
3958
3903
3959
3904
3960
3905
3961
3906
3962
3907
3963
3908
3964
3909
3965
3910
3966
3911
3967
3912
3968
3913
3969
3914
3970
3915
3971
3916
3972
3917
3973
3918
3974
3919
3975
3920
3976
3921
3977
3922
3978
3923
3979
3924
3980
3925
3981
3926
3982
3927
3983
3928
3984
3929
3985
3930
3986
3931
3987
3932
3988
3933
3989
3934
3990
3935
3991
3936
3992
3937
3993
3938
3994
3939
3995
3940
3996
3941
3997
3942
3998
3943
3999
3944
4000
3945
4001
4002
3947
4003
3948
4004
3949
4005
3950
4006
3951
4007
3952
4008
3953
4009
3954
4010
3955
4011
3956
4012
3957
4013
3958
4014
3959
4015
3960
4016
3961
4017
3962
4018
3963
4019
3964
4020
3965
4021
3966
4022
3967
4023
3968
4024
3969
4025
3970
4026
3971
4027
3972
4028
3973
4029
3974
4030
3975
4031
3976
4032
3977
4033
3978
4034
3979
4035
3980
4036
3981
4037
3982
4038
3983
4039
3984
4040
3985
4041
3986
4042
3987
4043
3988
4044
3989
4045
3990
4046
3991
4047
3992
4048
3993
4049
3994
4050
3995
4051
3996
4052
3997
4053
3998
4054
3999
4055
4000
4056
4001
4057
4002
4058
4059
4004
4005
4006
4007
4008
4009
4010
4011
4012
4013
4014
4015
4016
4017
4018
4019
4020
4021
4022
4023
4024
4025
4026
4027
4028
4029
4030
4031
4032
4033
4034
4035
4036
4037
4038
4039
4040
4041
4042
4043
4044
4045
4046
4047
4048
4049
4050
4051
4052
4053
4054
4055
4056
4057
4058
4059
4061
4080
4062
4081
4063
4082
4064
4083
4065
4084
4066
4085
4067
4086
4068
4087
4069
4088
4070
4089
4071
4090
4072
4091
4073
4092
4074
4093
4075
4094
4076
4095
4077
4096
4078
4097
4079
4098
4099
4450
4081
4100
4082
4101
4083
4102
4084
4103
4085
4104
4086
4105
4087
4106
4088
4107
4089
4108
4090
4109
4091
4110
4092
4111
4093
4112
4094
4113
4095
4114
4096
4115
4097
4116
4098
4117
4099
4118
4119
4451
4101
4120
4102
4121
4103
4122
4104
4123
4105
4124
4106
4125
4107
4126
4108
4127
4109
4128
4110
4129
4111
4130
4112
4131
4113
4132
4114
4133
4115
4134
4116
4135
4117
4136
4118
4137
4119
4138
4139
4452
4121
4140
4122
4141
4123
4142
4124
4143
4125
4144
4126
4145
4127
4146
4128
4147
4129
4148
4130
4149
4131
4150
4132
4151
4133
4152
4134
4153
4135
4154
4136
4155
4137
4156
4138
4157
4139
4158
4159
4453
4141
4160
4142
4161
4143
4162
4144
4163
4145
4164
4146
4165
4147
4166
4148
4167
4149
4168
4150
4169
4151
4170
4152
4171
4153
4172
4154
4173
4155
4174
4156
4175
4157
4176
4158
4177
4159
4178
4179
4454
4161
4180
4162
4181
4163
4182
4164
4183
4165
4184
4166
4185
4167
4186
4168
4187
4169
4188
4170
4189
4171
4190
4172
4191
4173
4192
4174
4193
4175
4194
4176
4195
4177
4196
4178
4197
4179
4198
4199
4455
4181
4200
4182
4201
4183
4202
4184
4203
4185
4204
4186
4205
4187
4206
4188
4207
4189
4208
4190
4209
4191
4210
4192
4211
4193
4212
4194
4213
4195
4214
4196
4215
4197
4216
4198
4217
4199
4218
4219
4456
4201
4220
4202
4221
4203
4222
4204
4223
4205
4224
4206
4225
4207
4226
4208
4227
4209
4228
4210
4229
4211
4230
4212
4231
4213
4232
4214
4233
4215
4234
4216
4235
4217
4236
4218
4237
4219
4238
4239
4457
4221
4240
4222
4241
4223
4242
4224
4243
4225
4244
4226
4245
4227
4246
4228
4247
4229
4248
4230
4249
4231
4250
4232
4251
4233
4252
4234
4253
4235
4254
4236
4255
4237
4256
4238
4257
4239
4258
4259
4458
4241
6000
4242
6001
4243
6002
4244
6003
4245
6004
4246
6005
4247
6006
4248
6007
4249
6008
4250
6009
4251
6010
4252
6011
4253
6012
4254
6013
4255
6014
4256
6015
4257
6016
4258
6017
4259
6018
4459
6019
4261
4270
4262
4271
4263
4272
4264
4273
4265
4274
4266
4275
4267
4276
4268
4277
4269
4278
4279
4460
4271
4280
4272
4281
4273
4282
4274
4283
4275
4284
4276
4285
4277
4286
4278
4287
4279
4288
4289
4517
4281
4290
4282
4291
4283
4292
4284
4293
4285
4294
4286
4295
4287
4296
4288
4297
4289
4298
4299
4574
4291
4300
4292
4301
4293
4302
4294
4303
4295
4304
4296
4305
4297
4306
4298
4307
4299
4308
4309
4631
4301
4310
4302
4311
4303
4312
4304
4313
4305
4314
4306
4315
4307
4316
4308
4317
4309
4318
4319
4688
4311
4320
4312
4321
4313
4322
4314
4323
4315
4324
4316
4325
4317
4326
4318
4327
4319
4328
4329
4745
4321
4330
4322
4331
4323
4332
4324
4333
4325
4334
4326
4335
4327
4336
4328
4337
4329
4338
4339
4802
4331
4340
4332
4341
4333
4342
4334
4343
4335
4344
4336
4345
4337
4346
4338
4347
4339
4348
4349
4859
4341
4350
4342
4351
4343
4352
4344
4353
4345
4354
4346
4355
4347
4356
4348
4357
4349
4358
4359
4916
4351
4360
4352
4361
4353
4362
4354
4363
4355
4364
4356
4365
4357
4366
4358
4367
4359
4368
4369
4973
4361
4370
4362
4371
4363
4372
4364
4373
4365
4374
4366
4375
4367
4376
4368
4377
4369
4378
4379
5030
4371
4380
4372
4381
4373
4382
4374
4383
4375
4384
4376
4385
4377
4386
4378
4387
4379
4388
4389
5087
4381
4390
4382
4391
4383
4392
4384
4393
4385
4394
4386
4395
4387
4396
4388
4397
4389
4398
4399
5144
4391
4400
4392
4401
4393
4402
4394
4403
4395
4404
4396
4405
4397
4406
4398
4407
4399
4408
4409
5201
4401
4410
4402
4411
4403
4412
4404
4413
4405
4414
4406
4415
4407
4416
4408
4417
4409
4418
4419
5258
4411
4420
4412
4421
4413
4422
4414
4423
4415
4424
4416
4425
4417
4426
4418
4427
4419
4428
4429
5315
4421
4430
4422
4431
4423
4432
4424
4433
4425
4434
4426
4435
4427
4436
4428
4437
4429
4438
4439
5372
4431
4440
4432
4441
4433
4442
4434
4443
4435
4444
4436
4445
4437
4446
4438
4447
4439
4448
4449
5429
4441
4450
4442
4451
4443
4452
4444
4453
4445
4454
4446
4455
4447
4456
4448
4457
4449
4458
4459
5486
4451
4452
4453
4454
4455
4456
4457
4458
4459
5543
4461
4517
4462
4518
4463
4519
4464
4520
4465
4521
4466
4522
4467
4523
4468
4524
4469
4525
4470
4526
4471
4527
4472
4528
4473
4529
4474
4530
4475
4531
4476
4532
4477
4533
4478
4534
4479
4535
4480
4536
4481
4537
4482
4538
4483
4539
4484
4540
4485
4541
4486
4542
4487
4543
4488
4544
4489
4545
4490
4546
4491
4547
4492
4548
4493
4549
4494
4550
4495
4551
4496
4552
4497
4553
4498
4554
4499
4555
4500
4556
4501
4557
4502
4558
4503
4559
4504
4560
4505
4561
4506
4562
4507
4563
4508
4564
4509
4565
4510
4566
4511
4567
4512
4568
4513
4569
4514
4570
4515
4571
4516
4572
4573
4518
4574
4519
4575
4520
4576
4521
4577
4522
4578
4523
4579
4524
4580
4525
4581
4526
4582
4527
4583
4528
4584
4529
4585
4530
4586
4531
4587
4532
4588
4533
4589
4534
4590
4535
4591
4536
4592
4537
4593
4538
4594
4539
4595
4540
4596
4541
4597
4542
4598
4543
4599
4544
4600
4545
4601
4546
4602
4547
4603
4548
4604
4549
4605
4550
4606
4551
4607
4552
4608
4553
4609
4554
4610
4555
4611
4556
4612
4557
4613
4558
4614
4559
4615
4560
4616
4561
4617
4562
4618
4563
4619
4564
4620
4565
4621
4566
4622
4567
4623
4568
4624
4569
4625
4570
4626
4571
4627
4572
4628
4573
4629
4630
4575
4631
4576
4632
4577
4633
4578
4634
4579
4635
4580
4636
4581
4637
4582
4638
4583
4639
4584
4640
4585
4641
4586
4642
4587
4643
4588
4644
4589
4645
4590
4646
4591
4647
4592
4648
4593
4649
4594
4650
4595
4651
4596
4652
4597
4653
4598
4654
4599
4655
4600
4656
4601
4657
4602
4658
4603
4659
4604
4660
4605
4661
4606
4662
4607
4663
4608
4664
4609
4665
4610
4666
4611
4667
4612
4668
4613
4669
4614
4670
4615
4671
4616
4672
4617
4673
4618
4674
4619
4675
4620
4676
4621
4677
4622
4678
4623
4679
4624
4680
4625
4681
4626
4682
4627
4683
4628
4684
4629
4685
4630
4686
4687
4632
4688
4633
4689
4634
4690
4635
4691
4636
4692
4637
4693
4638
4694
4639
4695
4640
4696
4641
4697
4642
4698
4643
4699
4644
4700
4645
4701
4646
4702
4647
4703
4648
4704
4649
4705
4650
4706
4651
4707
4652
4708
4653
4709
4654
4710
4655
4711
4656
4712
4657
4713
4658
4714
4659
4715
4660
4716
4661
4717
4662
4718
4663
4719
4664
4720
4665
4721
4666
4722
4667
4723
4668
4724
4669
4725
4670
4726
4671
4727
4672
4728
4673
4729
4674
4730
4675
4731
4676
4732
4677
4733
4678
4734
4679
4735
4680
4736
4681
4737
4682
4738
4683
4739
4684
4740
4685
4741
4686
4742
4687
4743
4744
4689
4745
4690
4746
4691
4747
4692
4748
4693
4749
4694
4750
4695
4751
4696
4752
4697
4753
4698
4754
4699
4755
4700
4756
4701
4757
4702
4758
4703
4759
4704
4760
4705
4761
4706
4762
4707
4763
4708
4764
4709
4765
4710
4766
4711
4767
4712
4768
4713
4769
4714
4770
4715
4771
4716
4772
4717
4773
4718
4774
4719
4775
4720
4776
4721
4777
4722
4778
4723
4779
4724
4780
4725
4781
4726
4782
4727
4783
4728
4784
4729
4785
4730
4786
4731
4787
4732
4788
4733
4789
4734
4790
4735
4791
4736
4792
4737
4793
4738
4794
4739
4795
4740
4796
4741
4797
4742
4798
4743
4799
4744
4800
4801
4746
4802
4747
4803
4748
4804
4749
4805
4750
4806
4751
4807
4752
4808
4753
4809
4754
4810
4755
4811
4756
4812
4757
4813
4758
4814
4759
4815
4760
4816
4761
4817
4762
4818
4763
4819
4764
4820
4765
4821
4766
4822
4767
4823
4768
4824
4769
4825
4770
4826
4771
4827
4772
4828
4773
4829
4774
4830
4775
4831
4776
4832
4777
4833
4778
4834
4779
4835
4780
4836
4781
4837
4782
4838
4783
4839
4784
4840
4785
4841
4786
4842
4787
4843
4788
4844
4789
4845
4790
4846
4791
4847
4792
4848
4793
4849
4794
4850
4795
4851
4796
4852
4797
4853
4798
4854
4799
4855
4800
4856
4801
4857
4858
4803
4859
4804
4860
4805
4861
4806
4862
4807
4863
4808
4864
4809
4865
4810
4866
4811
4867
4812
4868
4813
4869
4814
4870
4815
4871
4816
4872
4817
4873
4818
4874
4819
4875
4820
4876
4821
4877
4822
4878
4823
4879
4824
4880
4825
4881
4826
4882
4827
4883
4828
4884
4829
4885
4830
4886
4831
4887
4832
4888
4833
4889
4834
4890
4835
4891
4836
4892
4837
4893
4838
4894
4839
4895
4840
4896
4841
4897
4842
4898
4843
4899
4844
4900
4845
4901
4846
4902
4847
4903
4848
4904
4849
4905
4850
4906
4851
4907
4852
4908
4853
4909
4854
4910
4855
4911
4856
4912
4857
4913
4858
4914
4915
4860
4916
4861
4917
4862
4918
4863
4919
4864
4920
4865
4921
4866
4922
4867
4923
4868
4924
4869
4925
4870
4926
4871
4927
4872
4928
4873
4929
4874
4930
4875
4931
4876
4932
4877
4933
4878
4934
4879
4935
4880
4936
4881
4937
4882
4938
4883
4939
4884
4940
4885
4941
4886
4942
4887
4943
4888
4944
4889
4945
4890
4946
4891
4947
4892
4948
4893
4949
4894
4950
4895
4951
4896
4952
4897
4953
4898
4954
4899
4955
4900
4956
4901
4957
4902
4958
4903
4959
4904
4960
4905
4961
4906
4962
4907
4963
4908
4964
4909
4965
4910
4966
4911
4967
4912
4968
4913
4969
4914
4970
4915
4971
4972
4917
4973
4918
4974
4919
4975
4920
4976
4921
4977
4922
4978
4923
4979
4924
4980
4925
4981
4926
4982
4927
4983
4928
4984
4929
4985
4930
4986
4931
4987
4932
4988
4933
4989
4934
4990
4935
4991
4936
4992
4937
4993
4938
4994
4939
4995
4940
4996
4941
4997
4942
4998
4943
4999
4944
5000
4945
5001
4946
5002
4947
5003
4948
5004
4949
5005
4950
5006
4951
5007
4952
5008
4953
5009
4954
5010
4955
5011
4956
5012
4957
5013
4958
5014
4959
5015
4960
5016
4961
5017
4962
5018
4963
5019
4964
5020
4965
5021
4966
5022
4967
5023
4968
5024
4969
5025
4970
5026
4971
5027
4972
5028
5029
4974
5030
4975
5031
4976
5032
4977
5033
4978
5034
4979
5035
4980
5036
4981
5037
4982
5038
4983
5039
4984
5040
4985
5041
4986
5042
4987
5043
4988
5044
4989
5045
4990
5046
4991
5047
4992
5048
4993
5049
4994
5050
4995
5051
4996
5052
4997
5053
4998
5054
4999
5055
5000
5056
5001
5057
5002
5058
5003
5059
5004
5060
5005
5061
5006
5062
5007
5063
5008
5064
5009
5065
5010
5066
5011
5067
5012
5068
5013
5069
5014
5070
5015
5071
5016
5072
5017
5073
5018
5074
5019
5075
5020
5076
5021
5077
5022
5078
5023
5079
5024
5080
5025
5081
5026
5082
5027
5083
5028
5084
5029
5085
5086
5031
5087
5032
5088
5033
5089
5034
5090
5035
5091
5036
5092
5037
5093
5038
5094
5039
5095
5040
5096
5041
5097
5042
5098
5043
5099
5044
5100
5045
5101
5046
5102
5047
5103
5048
5104
5049
5105
5050
5106
5051
5107
5052
5108
5053
5109
5054
5110
5055
5111
5056
5112
5057
5113
5058
5114
5059
5115
5060
5116
5061
5117
5062
5118
5063
5119
5064
5120
5065
5121
5066
5122
5067
5123
5068
5124
5069
5125
5070
5126
5071
5127
5072
5128
5073
5129
5074
5130
5075
5131
5076
5132
5077
5133
5078
5134
5079
5135
5080
5136
5081
5137
5082
5138
5083
5139
5084
5140
5085
5141
5086
5142
5143
5088
5144
5089
5145
5090
5146
5091
5147
5092
5148
5093
5149
5094
5150
5095
5151
5096
5152
5097
5153
5098
5154
5099
5155
5100
5156
5101
5157
5102
5158
5103
5159
5104
5160
5105
5161
5106
5162
5107
5163
5108
5164
5109
5165
5110
5166
5111
5167
5112
5168
5113
5169
5114
5170
5115
5171
5116
5172
5117
5173
5118
5174
5119
5175
5120
5176
5121
5177
5122
5178
5123
5179
5124
5180
5125
5181
5126
5182
5127
5183
5128
5184
5129
5185
5130
5186
5131
5187
5132
5188
5133
5189
5134
5190
5135
5191
5136
5192
5137
5193
5138
5194
5139
5195
5140
5196
5141
5197
5142
5198
5143
5199
5200
5145
5201
5146
5202
5147
5203
5148
5204
5149
5205
5150
5206
5151
5207
5152
5208
5153
5209
5154
5210
5155
5211
5156
5212
5157
5213
5158
5214
5159
5215
5160
5216
5161
5217
5162
5218
5163
5219
5164
5220
5165
5221
5166
5222
5167
5223
5168
5224
5169
5225
5170
5226
5171
5227
5172
5228
5173
5229
5174
5230
5175
5231
5176
5232
5177
5233
5178
5234
5179
5235
5180
5236
5181
5237
5182
5238
5183
5239
5184
5240
5185
5241
5186
5242
5187
5243
5188
5244
5189
5245
5190
5246
5191
5247
5192
5248
5193
5249
5194
5250
5195
5251
5196
5252
5197
5253
5198
5254
5199
5255
5200
5256
5257
5202
5258
5203
5259
5204
5260
5205
5261
5206
5262
5207
5263
5208
5264
5209
5265
5210
5266
5211
5267
5212
5268
5213
5269
5214
5270
5215
5271
5216
5272
5217
5273
5218
5274
5219
5275
5220
5276
5221
5277
5222
5278
5223
5279
5224
5280
5225
5281
5226
5282
5227
5283
5228
5284
5229
5285
5230
5286
5231
5287
5232
5288
5233
5289
5234
5290
5235
5291
5236
5292
5237
5293
5238
5294
5239
5295
5240
5296
5241
5297
5242
5298
5243
5299
5244
5300
5245
5301
5246
5302
5247
5303
5248
5304
5249
5305
5250
5306
5251
5307
5252
5308
5253
5309
5254
5310
5255
5311
5256
5312
5257
5313
5314
5259
5315
5260
5316
5261
5317
5262
5318
5263
5319
5264
5320
5265
5321
5266
5322
5267
5323
5268
5324
5269
5325
5270
5326
5271
5327
5272
5328
5273
5329
5274
5330
5275
5331
5276
5332
5277
5333
5278
5334
5279
5335
5280
5336
5281
5337
5282
5338
5283
5339
5284
5340
5285
5341
5286
5342
5287
5343
5288
5344
5289
5345
5290
5346
5291
5347
5292
5348
5293
5349
5294
5350
5295
5351
5296
5352
5297
5353
5298
5354
5299
5355
5300
5356
5301
5357
5302
5358
5303
5359
5304
5360
5305
5361
5306
5362
5307
5363
5308
5364
5309
5365
5310
5366
5311
5367
5312
5368
5313
5369
5314
5370
5371
5316
5372
5317
5373
5318
5374
5319
5375
5320
5376
5321
5377
5322
5378
5323
5379
5324
5380
5325
5381
5326
5382
5327
5383
5328
5384
5329
5385
5330
5386
5331
5387
5332
5388
5333
5389
5334
5390
5335
5391
5336
5392
5337
5393
5338
5394
5339
5395
5340
5396
5341
5397
5342
5398
5343
5399
5344
5400
5345
5401
5346
5402
5347
5403
5348
5404
5349
5405
5350
5406
5351
5407
5352
5408
5353
5409
5354
5410
5355
5411
5356
5412
5357
5413
5358
5414
5359
5415
5360
5416
5361
5417
5362
5418
5363
5419
5364
5420
5365
5421
5366
5422
5367
5423
5368
5424
5369
5425
5370
5426
5371
5427
5428
5373
5429
5374
5430
5375
5431
5376
5432
5377
5433
5378
5434
5379
5435
5380
5436
5381
5437
5382
5438
5383
5439
5384
5440
5385
5441
5386
5442
5387
5443
5388
5444
5389
5445
5390
5446
5391
5447
5392
5448
5393
5449
5394
5450
5395
5451
5396
5452
5397
5453
5398
5454
5399
5455
5400
5456
5401
5457
5402
5458
5403
5459
5404
5460
5405
5461
5406
5462
5407
5463
5408
5464
5409
5465
5410
5466
5411
5467
5412
5468
5413
5469
5414
5470
5415
5471
5416
5472
5417
5473
5418
5474
5419
5475
5420
5476
5421
5477
5422
5478
5423
5479
5424
5480
5425
5481
5426
5482
5427
5483
5428
5484
5485
5430
5486
5431
5487
5432
5488
5433
5489
5434
5490
5435
5491
5436
5492
5437
5493
5438
5494
5439
5495
5440
5496
5441
5497
5442
5498
5443
5499
5444
5500
5445
5501
5446
5502
5447
5503
5448
5504
5449
5505
5450
5506
5451
5507
5452
5508
5453
5509
5454
5510
5455
5511
5456
5512
5457
5513
5458
5514
5459
5515
5460
5516
5461
5517
5462
5518
5463
5519
5464
5520
5465
5521
5466
5522
5467
5523
5468
5524
5469
5525
5470
5526
5471
5527
5472
5528
5473
5529
5474
5530
5475
5531
5476
5532
5477
5533
5478
5534
5479
5535
5480
5536
5481
5537
5482
5538
5483
5539
5484
5540
5485
5541
5542
5487
5543
5488
5544
5489
5545
5490
5546
5491
5547
5492
5548
5493
5549
5494
5550
5495
5551
5496
5552
5497
5553
5498
5554
5499
5555
5500
5556
5501
5557
5502
5558
5503
5559
5504
5560
5505
5561
5506
5562
5507
5563
5508
5564
5509
5565
5510
5566
5511
5567
5512
5568
5513
5569
5514
5570
5515
5571
5516
5572
5517
5573
5518
5574
5519
5575
5520
5576
5521
5577
5522
5578
5523
5579
5524
5580
5525
5581
5526
5582
5527
5583
5528
5584
5529
5585
5530
5586
5531
5587
5532
5588
5533
5589
5534
5590
5535
5591
5536
5592
5537
5593
5538
5594
5539
5595
5540
5596
5541
5597
5542
5598
5599
5544
6400
5545
6401
5546
6402
5547
6403
5548
6404
5549
6405
5550
6406
5551
6407
5552
6408
5553
6409
5554
6410
5555
6411
5556
6412
5557
6413
5558
6414
5559
6415
5560
6416
5561
6417
5562
6418
5563
6419
5564
6420
5565
6421
5566
6422
5567
6423
5568
6424
5569
6425
5570
6426
5571
6427
5572
6428
5573
6429
5574
6430
5575
6431
5576
6432
5577
6433
5578
6434
5579
6435
5580
6436
5581
6437
5582
6438
5583
6439
5584
6440
5585
6441
5586
6442
5587
6443
5588
6444
5589
6445
5590
6446
5591
6447
5592
6448
5593
6449
5594
6450
5595
6451
5596
6452
5597
6453
5598
6454
5599
6455
6456
5601
5620
5602
5621
5603
5622
5604
5623
5605
5624
5606
5625
5607
5626
5608
5627
5609
5628
5610
5629
5611
5630
5612
5631
5613
5632
5614
5633
5615
5634
5616
5635
5617
5636
5618
5637
5619
5638
5639
6000
5621
5640
5622
5641
5623
5642
5624
5643
5625
5644
5626
5645
5627
5646
5628
5647
5629
5648
5630
5649
5631
5650
5632
5651
5633
5652
5634
5653
5635
5654
5636
5655
5637
5656
5638
5657
5639
5658
5659
6020
5641
5660
5642
5661
5643
5662
5644
5663
5645
5664
5646
5665
5647
5666
5648
5667
5649
5668
5650
5669
5651
5670
5652
5671
5653
5672
5654
5673
5655
5674
5656
5675
5657
5676
5658
5677
5659
5678
5679
6040
5661
5680
5662
5681
5663
5682
5664
5683
5665
5684
5666
5685
5667
5686
5668
5687
5669
5688
5670
5689
5671
5690
5672
5691
5673
5692
5674
5693
5675
5694
5676
5695
5677
5696
5678
5697
5679
5698
5699
6060
5681
5700
5682
5701
5683
5702
5684
5703
5685
5704
5686
5705
5687
5706
5688
5707
5689
5708
5690
5709
5691
5710
5692
5711
5693
5712
5694
5713
5695
5714
5696
5715
5697
5716
5698
5717
5699
5718
5719
6080
5701
5720
5702
5721
5703
5722
5704
5723
5705
5724
5706
5725
5707
5726
5708
5727
5709
5728
5710
5729
5711
5730
5712
5731
5713
5732
5714
5733
5715
5734
5716
5735
5717
5736
5718
5737
5719
5738
5739
6100
5721
5740
5722
5741
5723
5742
5724
5743
5725
5744
5726
5745
5727
5746
5728
5747
5729
5748
5730
5749
5731
5750
5732
5751
5733
5752
5734
5753
5735
5754
5736
5755
5737
5756
5738
5757
5739
5758
5759
6120
5741
5760
5742
5761
5743
5762
5744
5763
5745
5764
5746
5765
5747
5766
5748
5767
5749
5768
5750
5769
5751
5770
5752
5771
5753
5772
5754
5773
5755
5774
5756
5775
5757
5776
5758
5777
5759
5778
5779
6140
5761
5780
5762
5781
5763
5782
5764
5783
5765
5784
5766
5785
5767
5786
5768
5787
5769
5788
5770
5789
5771
5790
5772
5791
5773
5792
5774
5793
5775
5794
5776
5795
5777
5796
5778
5797
5779
5798
5799
6160
5781
5800
5782
5801
5783
5802
5784
5803
5785
5804
5786
5805
5787
5806
5788
5807
5789
5808
5790
5809
5791
5810
5792
5811
5793
5812
5794
5813
5795
5814
5796
5815
5797
5816
5798
5817
5799
5818
5819
6180
5801
5820
5802
5821
5803
5822
5804
5823
5805
5824
5806
5825
5807
5826
5808
5827
5809
5828
5810
5829
5811
5830
5812
5831
5813
5832
5814
5833
5815
5834
5816
5835
5817
5836
5818
5837
5819
5838
5839
6200
5821
5840
5822
5841
5823
5842
5824
5843
5825
5844
5826
5845
5827
5846
5828
5847
5829
5848
5830
5849
5831
5850
5832
5851
5833
5852
5834
5853
5835
5854
5836
5855
5837
5856
5838
5857
5839
5858
5859
6220
5841
5860
5842
5861
5843
5862
5844
5863
5845
5864
5846
5865
5847
5866
5848
5867
5849
5868
5850
5869
5851
5870
5852
5871
5853
5872
5854
5873
5855
5874
5856
5875
5857
5876
5858
5877
5859
5878
5879
6240
5861
5880
5862
5881
5863
5882
5864
5883
5865
5884
5866
5885
5867
5886
5868
5887
5869
5888
5870
5889
5871
5890
5872
5891
5873
5892
5874
5893
5875
5894
5876
5895
5877
5896
5878
5897
5879
5898
5899
6260
5881
5900
5882
5901
5883
5902
5884
5903
5885
5904
5886
5905
5887
5906
5888
5907
5889
5908
5890
5909
5891
5910
5892
5911
5893
5912
5894
5913
5895
5914
5896
5915
5897
5916
5898
5917
5899
5918
5919
6280
5901
5920
5902
5921
5903
5922
5904
5923
5905
5924
5906
5925
5907
5926
5908
5927
5909
5928
5910
5929
5911
5930
5912
5931
5913
5932
5914
5933
5915
5934
5916
5935
5917
5936
5918
5937
5919
5938
5939
6300
5921
5940
5922
5941
5923
5942
5924
5943
5925
5944
5926
5945
5927
5946
5928
5947
5929
5948
5930
5949
5931
5950
5932
5951
5933
5952
5934
5953
5935
5954
5936
5955
5937
5956
5938
5957
5939
5958
5959
6320
5941
5960
5942
5961
5943
5962
5944
5963
5945
5964
5946
5965
5947
5966
5948
5967
5949
5968
5950
5969
5951
5970
5952
5971
5953
5972
5954
5973
5955
5974
5956
5975
5957
5976
5958
5977
5959
5978
5979
6340
5961
5980
5962
5981
5963
5982
5964
5983
5965
5984
5966
5985
5967
5986
5968
5987
5969
5988
5970
5989
5971
5990
5972
5991
5973
5992
5974
5993
5975
5994
5976
5995
5977
5996
5978
5997
5979
5998
5999
6360
5981
5982
5983
5984
5985
5986
5987
5988
5989
5990
5991
5992
5993
5994
5995
5996
5997
5998
5999
6380
6001
6020
6002
6021
6003
6022
6004
6023
6005
6024
6006
6025
6007
6026
6008
6027
6009
6028
6010
6029
6011
6030
6012
6031
6013
6032
6014
6033
6015
6034
6016
6035
6017
6036
6018
6037
6019
6038
6039
6400
6021
6040
6022
6041
6023
6042
6024
6043
6025
6044
6026
6045
6027
6046
6028
6047
6029
6048
6030
6049
6031
6050
6032
6051
6033
6052
6034
6053
6035
6054
6036
6055
6037
6056
6038
6057
6039
6058
6059
6457
6041
6060
6042
6061
6043
6062
6044
6063
6045
6064
6046
6065
6047
6066
6048
6067
6049
6068
6050
6069
6051
6070
6052
6071
6053
6072
6054
6073
6055
6074
6056
6075
6057
6076
6058
6077
6059
6078
6079
6514
6061
6080
6062
6081
6063
6082
6064
6083
6065
6084
6066
6085
6067
6086
6068
6087
6069
6088
6070
6089
6071
6090
6072
6091
6073
6092
6074
6093
6075
6094
6076
6095
6077
6096
6078
6097
6079
6098
6099
6571
6081
6100
6082
6101
6083
6102
6084
6103
6085
6104
6086
6105
6087
6106
6088
6107
6089
6108
6090
6109
6091
6110
6092
6111
6093
6112
6094
6113
6095
6114
6096
6115
6097
6116
6098
6117
6099
6118
6119
6628
6101
6120
6102
6121
6103
6122
6104
6123
6105
6124
6106
6125
6107
6126
6108
6127
6109
6128
6110
6129
6111
6130
6112
6131
6113
6132
6114
6133
6115
6134
6116
6135
6117
6136
6118
6137
6119
6138
6139
6685
6121
6140
6122
6141
6123
6142
6124
6143
6125
6144
6126
6145
6127
6146
6128
6147
6129
6148
6130
6149
6131
6150
6132
6151
6133
6152
6134
6153
6135
6154
6136
6155
6137
6156
6138
6157
6139
6158
6159
6742
6141
6160
6142
6161
6143
6162
6144
6163
6145
6164
6146
6165
6147
6166
6148
6167
6149
6168
6150
6169
6151
6170
6152
6171
6153
6172
6154
6173
6155
6174
6156
6175
6157
6176
6158
6177
6159
6178
6179
6799
6161
6180
6162
6181
6163
6182
6164
6183
6165
6184
6166
6185
6167
6186
6168
6187
6169
6188
6170
6189
6171
6190
6172
6191
6173
6192
6174
6193
6175
6194
6176
6195
6177
6196
6178
6197
6179
6198
6199
6856
6181
6200
6182
6201
6183
6202
6184
6203
6185
6204
6186
6205
6187
6206
6188
6207
6189
6208
6190
6209
6191
6210
6192
6211
6193
6212
6194
6213
6195
6214
6196
6215
6197
6216
6198
6217
6199
6218
6219
6913
6201
6220
6202
6221
6203
6222
6204
6223
6205
6224
6206
6225
6207
6226
6208
6227
6209
6228
6210
6229
6211
6230
6212
6231
6213
6232
6214
6233
6215
6234
6216
6235
6217
6236
6218
6237
6219
6238
6239
6970
6221
6240
6222
6241
6223
6242
6224
6243
6225
6244
6226
6245
6227
6246
6228
6247
6229
6248
6230
6249
6231
6250
6232
6251
6233
6252
6234
6253
6235
6254
6236
6255
6237
6256
6238
6257
6239
6258
6259
7027
6241
6260
6242
6261
6243
6262
6244
6263
6245
6264
6246
6265
6247
6266
6248
6267
6249
6268
6250
6269
6251
6270
6252
6271
6253
6272
6254
6273
6255
6274
6256
6275
6257
6276
6258
6277
6259
6278
6279
7084
6261
6280
6262
6281
6263
6282
6264
6283
6265
6284
6266
6285
6267
6286
6268
6287
6269
6288
6270
6289
6271
6290
6272
6291
6273
6292
6274
6293
6275
6294
6276
6295
6277
6296
6278
6297
6279
6298
6299
7141
6281
6300
6282
6301
6283
6302
6284
6303
6285
6304
6286
6305
6287
6306
6288
6307
6289
6308
6290
6309
6291
6310
6292
6311
6293
6312
6294
6313
6295
6314
6296
6315
6297
6316
6298
6317
6299
6318
6319
7198
6301
6320
6302
6321
6303
6322
6304
6323
6305
6324
6306
6325
6307
6326
6308
6327
6309
6328
6310
6329
6311
6330
6312
6331
6313
6332
6314
6333
6315
6334
6316
6335
6317
6336
6318
6337
6319
6338
6339
7255
6321
6340
6322
6341
6323
6342
6324
6343
6325
6344
6326
6345
6327
6346
6328
6347
6329
6348
6330
6349
6331
6350
6332
6351
6333
6352
6334
6353
6335
6354
6336
6355
6337
6356
6338
6357
6339
6358
6359
7312
6341
6360
6342
6361
6343
6362
6344
6363
6345
6364
6346
6365
6347
6366
6348
6367
6349
6368
6350
6369
6351
6370
6352
6371
6353
6372
6354
6373
6355
6374
6356
6375
6357
6376
6358
6377
6359
6378
6379
7369
6361
6380
6362
6381
6363
6382
6364
6383
6365
6384
6366
6385
6367
6386
6368
6387
6369
6388
6370
6389
6371
6390
6372
6391
6373
6392
6374
6393
6375
6394
6376
6395
6377
6396
6378
6397
6379
6398
6399
7426
6381
6382
6383
6384
6385
6386
6387
6388
6389
6390
6391
6392
6393
6394
6395
6396
6397
6398
6399
7483
6401
6457
6402
6458
6403
6459
6404
6460
6405
6461
6406
6462
6407
6463
6408
6464
6409
6465
6410
6466
6411
6467
6412
6468
6413
6469
6414
6470
6415
6471
6416
6472
6417
6473
6418
6474
6419
6475
6420
6476
6421
6477
6422
6478
6423
6479
6424
6480
6425
6481
6426
6482
6427
6483
6428
6484
6429
6485
6430
6486
6431
6487
6432
6488
6433
6489
6434
6490
6435
6491
6436
6492
6437
6493
6438
6494
6439
6495
6440
6496
6441
6497
6442
6498
6443
6499
6444
6500
6445
6501
6446
6502
6447
6503
6448
6504
6449
6505
6450
6506
6451
6507
6452
6508
6453
6509
6454
6510
6455
6511
6456
6512
6513
6458
6514
6459
6515
6460
6516
6461
6517
6462
6518
6463
6519
6464
6520
6465
6521
6466
6522
6467
6523
6468
6524
6469
6525
6470
6526
6471
6527
6472
6528
6473
6529
6474
6530
6475
6531
6476
6532
6477
6533
6478
6534
6479
6535
6480
6536
6481
6537
6482
6538
6483
6539
6484
6540
6485
6541
6486
6542
6487
6543
6488
6544
6489
6545
6490
6546
6491
6547
6492
6548
6493
6549
6494
6550
6495
6551
6496
6552
6497
6553
6498
6554
6499
6555
6500
6556
6501
6557
6502
6558
6503
6559
6504
6560
6505
6561
6506
6562
6507
6563
6508
6564
6509
6565
6510
6566
6511
6567
6512
6568
6513
6569
6570
6515
6571
6516
6572
6517
6573
6518
6574
6519
6575
6520
6576
6521
6577
6522
6578
6523
6579
6524
6580
6525
6581
6526
6582
6527
6583
6528
6584
6529
6585
6530
6586
6531
6587
6532
6588
6533
6589
6534
6590
6535
6591
6536
6592
6537
6593
6538
6594
6539
6595
6540
6596
6541
6597
6542
6598
6543
6599
6544
6600
6545
6601
6546
6602
6547
6603
6548
6604
6549
6605
6550
6606
6551
6607
6552
6608
6553
6609
6554
6610
6555
6611
6556
6612
6557
6613
6558
6614
6559
6615
6560
6616
6561
6617
6562
6618
6563
6619
6564
6620
6565
6621
6566
6622
6567
6623
6568
6624
6569
6625
6570
6626
6627
6572
6628
6573
6629
6574
6630
6575
6631
6576
6632
6577
6633
6578
6634
6579
6635
6580
6636
6581
6637
6582
6638
6583
6639
6584
6640
6585
6641
6586
6642
6587
6643
6588
6644
6589
6645
6590
6646
6591
6647
6592
6648
6593
6649
6594
6650
6595
6651
6596
6652
6597
6653
6598
6654
6599
6655
6600
6656
6601
6657
6602
6658
6603
6659
6604
6660
6605
6661
6606
6662
6607
6663
6608
6664
6609
6665
6610
6666
6611
6667
6612
6668
6613
6669
6614
6670
6615
6671
6616
6672
6617
6673
6618
6674
6619
6675
6620
6676
6621
6677
6622
6678
6623
6679
6624
6680
6625
6681
6626
6682
6627
6683
6684
6629
6685
6630
6686
6631
6687
6632
6688
6633
6689
6634
6690
6635
6691
6636
6692
6637
6693
6638
6694
6639
6695
6640
6696
6641
6697
6642
6698
6643
6699
6644
6700
6645
6701
6646
6702
6647
6703
6648
6704
6649
6705
6650
6706
6651
6707
6652
6708
6653
6709
6654
6710
6655
6711
6656
6712
6657
6713
6658
6714
6659
6715
6660
6716
6661
6717
6662
6718
6663
6719
6664
6720
6665
6721
6666
6722
6667
6723
6668
6724
6669
6725
6670
6726
6671
6727
6672
6728
6673
6729
6674
6730
6675
6731
6676
6732
6677
6733
6678
6734
6679
6735
6680
6736
6681
6737
6682
6738
6683
6739
6684
6740
6741
6686
6742
6687
6743
6688
6744
6689
6745
6690
6746
6691
6747
6692
6748
6693
6749
6694
6750
6695
6751
6696
6752
6697
6753
6698
6754
6699
6755
6700
6756
6701
6757
6702
6758
6703
6759
6704
6760
6705
6761
6706
6762
6707
6763
6708
6764
6709
6765
6710
6766
6711
6767
6712
6768
6713
6769
6714
6770
6715
6771
6716
6772
6717
6773
6718
6774
6719
6775
6720
6776
6721
6777
6722
6778
6723
6779
6724
6780
6725
6781
6726
6782
6727
6783
6728
6784
6729
6785
6730
6786
6731
6787
6732
6788
6733
6789
6734
6790
6735
6791
6736
6792
6737
6793
6738
6794
6739
6795
6740
6796
6741
6797
6798
6743
6799
6744
6800
6745
6801
6746
6802
6747
6803
6748
6804
6749
6805
6750
6806
6751
6807
6752
6808
6753
6809
6754
6810
6755
6811
6756
6812
6757
6813
6758
6814
6759
6815
6760
6816
6761
6817
6762
6818
6763
6819
6764
6820
6765
6821
6766
6822
6767
6823
6768
6824
6769
6825
6770
6826
6771
6827
6772
6828
6773
6829
6774
6830
6775
6831
6776
6832
6777
6833
6778
6834
6779
6835
6780
6836
6781
6837
6782
6838
6783
6839
6784
6840
6785
6841
6786
6842
6787
6843
6788
6844
6789
6845
6790
6846
6791
6847
6792
6848
6793
6849
6794
6850
6795
6851
6796
6852
6797
6853
6798
6854
6855
6800
6856
6801
6857
6802
6858
6803
6859
6804
6860
6805
6861
6806
6862
6807
6863
6808
6864
6809
6865
6810
6866
6811
6867
6812
6868
6813
6869
6814
6870
6815
6871
6816
6872
6817
6873
6818
6874
6819
6875
6820
6876
6821
6877
6822
6878
6823
6879
6824
6880
6825
6881
6826
6882
6827
6883
6828
6884
6829
6885
6830
6886
6831
6887
6832
6888
6833
6889
6834
6890
6835
6891
6836
6892
6837
6893
6838
6894
6839
6895
6840
6896
6841
6897
6842
6898
6843
6899
6844
6900
6845
6901
6846
6902
6847
6903
6848
6904
6849
6905
6850
6906
6851
6907
6852
6908
6853
6909
6854
6910
6855
6911
6912
6857
6913
6858
6914
6859
6915
6860
6916
6861
6917
6862
6918
6863
6919
6864
6920
6865
6921
6866
6922
6867
6923
6868
6924
6869
6925
6870
6926
6871
6927
6872
6928
6873
6929
6874
6930
6875
6931
6876
6932
6877
6933
6878
6934
6879
6935
6880
6936
6881
6937
6882
6938
6883
6939
6884
6940
6885
6941
6886
6942
6887
6943
6888
6944
6889
6945
6890
6946
6891
6947
6892
6948
6893
6949
6894
6950
6895
6951
6896
6952
6897
6953
6898
6954
6899
6955
6900
6956
6901
6957
6902
6958
6903
6959
6904
6960
6905
6961
6906
6962
6907
6963
6908
6964
6909
6965
6910
6966
6911
6967
6912
6968
6969
6914
6970
6915
6971
6916
6972
6917
6973
6918
6974
6919
6975
6920
6976
6921
6977
6922
6978
6923
6979
6924
6980
6925
6981
6926
6982
6927
6983
6928
6984
6929
6985
6930
6986
6931
6987
6932
6988
6933
6989
6934
6990
6935
6991
6936
6992
6937
6993
6938
6994
6939
6995
6940
6996
6941
6997
6942
6998
6943
6999
6944
7000
6945
7001
6946
7002
6947
7003
6948
7004
6949
7005
6950
7006
6951
7007
6952
7008
6953
7009
6954
7010
6955
7011
6956
7012
6957
7013
6958
7014
6959
7015
6960
7016
6961
7017
6962
7018
6963
7019
6964
7020
6965
7021
6966
7022
6967
7023
6968
7024
6969
7025
7026
6971
7027
6972
7028
6973
7029
6974
7030
6975
7031
6976
7032
6977
7033
6978
7034
6979
7035
6980
7036
6981
7037
6982
7038
6983
7039
6984
7040
6985
7041
6986
7042
6987
7043
6988
7044
6989
7045
6990
7046
6991
7047
6992
7048
6993
7049
6994
7050
6995
7051
6996
7052
6997
7053
6998
7054
6999
7055
7000
7056
7001
7057
7002
7058
7003
7059
7004
7060
7005
7061
7006
7062
7007
7063
7008
7064
7009
7065
7010
7066
7011
7067
7012
7068
7013
7069
7014
7070
7015
7071
7016
7072
7017
7073
7018
7074
7019
7075
7020
7076
7021
7077
7022
7078
7023
7079
7024
7080
7025
7081
7026
7082
7083
7028
7084
7029
7085
7030
7086
7031
7087
7032
7088
7033
7089
7034
7090
7035
7091
7036
7092
7037
7093
7038
7094
7039
7095
7040
7096
7041
7097
7042
7098
7043
7099
7044
7100
7045
7101
7046
7102
7047
7103
7048
7104
7049
7105
7050
7106
7051
7107
7052
7108
7053
7109
7054
7110
7055
7111
7056
7112
7057
7113
7058
7114
7059
7115
7060
7116
7061
7117
7062
7118
7063
7119
7064
7120
7065
7121
7066
7122
7067
7123
7068
7124
7069
7125
7070
7126
7071
7127
7072
7128
7073
7129
7074
7130
7075
7131
7076
7132
7077
7133
7078
7134
7079
7135
7080
7136
7081
7137
7082
7138
7083
7139
7140
7085
7141
7086
7142
7087
7143
7088
7144
7089
7145
7090
7146
7091
7147
7092
7148
7093
7149
7094
7150
7095
7151
7096
7152
7097
7153
7098
7154
7099
7155
7100
7156
7101
7157
7102
7158
7103
7159
7104
7160
7105
7161
7106
7162
7107
7163
7108
7164
7109
7165
7110
7166
7111
7167
7112
7168
7113
7169
7114
7170
7115
7171
7116
7172
7117
7173
7118
7174
7119
7175
7120
7176
7121
7177
7122
7178
7123
7179
7124
7180
7125
7181
7126
7182
7127
7183
7128
7184
7129
7185
7130
7186
7131
7187
7132
7188
7133
7189
7134
7190
7135
7191
7136
7192
7137
7193
7138
7194
7139
7195
7140
7196
7197
7142
7198
7143
7199
7144
7200
7145
7201
7146
7202
7147
7203
7148
7204
7149
7205
7150
7206
7151
7207
7152
7208
7153
7209
7154
7210
7155
7211
7156
7212
7157
7213
7158
7214
7159
7215
7160
7216
7161
7217
7162
7218
7163
7219
7164
7220
7165
7221
7166
7222
7167
7223
7168
7224
7169
7225
7170
7226
7171
7227
7172
7228
7173
7229
7174
7230
7175
7231
7176
7232
7177
7233
7178
7234
7179
7235
7180
7236
7181
7237
7182
7238
7183
7239
7184
7240
7185
7241
7186
7242
7187
7243
7188
7244
7189
7245
7190
7246
7191
7247
7192
7248
7193
7249
7194
7250
7195
7251
7196
7252
7197
7253
7254
7199
7255
7200
7256
7201
7257
7202
7258
7203
7259
7204
7260
7205
7261
7206
7262
7207
7263
7208
7264
7209
7265
7210
7266
7211
7267
7212
7268
7213
7269
7214
7270
7215
7271
7216
7272
7217
7273
7218
7274
7219
7275
7220
7276
7221
7277
7222
7278
7223
7279
7224
7280
7225
7281
7226
7282
7227
7283
7228
7284
7229
7285
7230
7286
7231
7287
7232
7288
7233
7289
7234
7290
7235
7291
7236
7292
7237
7293
7238
7294
7239
7295
7240
7296
7241
7297
7242
7298
7243
7299
7244
7300
7245
7301
7246
7302
7247
7303
7248
7304
7249
7305
7250
7306
7251
7307
7252
7308
7253
7309
7254
7310
7311
7256
7312
7257
7313
7258
7314
7259
7315
7260
7316
7261
7317
7262
7318
7263
7319
7264
7320
7265
7321
7266
7322
7267
7323
7268
7324
7269
7325
7270
7326
7271
7327
7272
7328
7273
7329
7274
7330
7275
7331
7276
7332
7277
7333
7278
7334
7279
7335
7280
7336
7281
7337
7282
7338
7283
7339
7284
7340
7285
7341
7286
7342
7287
7343
7288
7344
7289
7345
7290
7346
7291
7347
7292
7348
7293
7349
7294
7350
7295
7351
7296
7352
7297
7353
7298
7354
7299
7355
7300
7356
7301
7357
7302
7358
7303
7359
7304
7360
7305
7361
7306
7362
7307
7363
7308
7364
7309
7365
7310
7366
7311
7367
7368
7313
7369
7314
7370
7315
7371
7316
7372
7317
7373
7318
7374
7319
7375
7320
7376
7321
7377
7322
7378
7323
7379
7324
7380
7325
7381
7326
7382
7327
7383
7328
7384
7329
7385
7330
7386
7331
7387
7332
7388
7333
7389
7334
7390
7335
7391
7336
7392
7337
7393
7338
7394
7339
7395
7340
7396
7341
7397
7342
7398
7343
7399
7344
7400
7345
7401
7346
7402
7347
7403
7348
7404
7349
7405
7350
7406
7351
7407
7352
7408
7353
7409
7354
7410
7355
7411
7356
7412
7357
7413
7358
7414
7359
7415
7360
7416
7361
7417
7362
7418
7363
7419
7364
7420
7365
7421
7366
7422
7367
7423
7368
7424
7425
7370
7426
7371
7427
7372
7428
7373
7429
7374
7430
7375
7431
7376
7432
7377
7433
7378
7434
7379
7435
7380
7436
7381
7437
7382
7438
7383
7439
7384
7440
7385
7441
7386
7442
7387
7443
7388
7444
7389
7445
7390
7446
7391
7447
7392
7448
7393
7449
7394
7450
7395
7451
7396
7452
7397
7453
7398
7454
7399
7455
7400
7456
7401
7457
7402
7458
7403
7459
7404
7460
7405
7461
7406
7462
7407
7463
7408
7464
7409
7465
7410
7466
7411
7467
7412
7468
7413
7469
7414
7470
7415
7471
7416
7472
7417
7473
7418
7474
7419
7475
7420
7476
7421
7477
7422
7478
7423
7479
7424
7480
7425
7481
7482
7427
7483
7428
7484
7429
7485
7430
7486
7431
7487
7432
7488
7433
7489
7434
7490
7435
7491
7436
7492
7437
7493
7438
7494
7439
7495
7440
7496
7441
7497
7442
7498
7443
7499
7444
7500
7445
7501
7446
7502
7447
7503
7448
7504
7449
7505
7450
7506
7451
7507
7452
7508
7453
7509
7454
7510
7455
7511
7456
7512
7457
7513
7458
7514
7459
7515
7460
7516
7461
7517
7462
7518
7463
7519
7464
7520
7465
7521
7466
7522
7467
7523
7468
7524
7469
7525
7470
7526
7471
7527
7472
7528
7473
7529
7474
7530
7475
7531
7476
7532
7477
7533
7478
7534
7479
7535
7480
7536
7481
7537
7482
7538
7539
7484
7485
7486
7487
7488
7489
7490
7491
7492
7493
7494
7495
7496
7497
7498
7499
7500
7501
7502
7503
7504
7505
7506
7507
7508
7509
7510
7511
7512
7513
7514
7515
7516
7517
7518
7519
7520
7521
7522
7523
7524
7525
7526
7527
7528
7529
7530
7531
7532
7533
7534
7535
7536
7537
7538
7539
)


// ************************************************************************* //
